0 27104.1
1 35827.7
2 42135.3
3 48723.7
4 56247.7
5 64981.5
6 75123.4
7 86863.6
8 100402
9 115954
10 133750
11 154039
12 177087
13 203174
14 232598
15 265671
16 302717
17 344074
18 390090
19 441119
20 497526
21 559679
22 627948
23 702704
24 784316
25 873149
26 969563
27 1.07391e+06
28 1.18652e+06
29 1.30773e+06
30 1.43784e+06
31 1.57715e+06
32 1.72593e+06
33 1.88445e+06
34 2.05292e+06
35 2.23156e+06
36 2.42056e+06
37 2.62007e+06
38 2.83023e+06
39 3.05114e+06
40 3.28288e+06
41 3.52552e+06
42 3.77906e+06
43 4.04352e+06
44 4.31886e+06
45 4.60504e+06
46 4.90197e+06
47 5.20955e+06
48 5.52765e+06
49 5.85612e+06
50 6.19479e+06
51 6.54347e+06
52 6.90194e+06
53 7.26997e+06
54 7.64731e+06
55 8.0337e+06
56 8.42885e+06
57 8.83247e+06
58 9.24425e+06
59 9.66388e+06
60 1.0091e+07
61 1.05253e+07
62 1.09665e+07
63 1.14141e+07
64 1.18679e+07
65 1.23274e+07
66 1.27923e+07
67 1.32622e+07
68 1.37367e+07
69 1.42156e+07
70 1.46983e+07
71 1.51846e+07
72 1.56741e+07
73 1.61664e+07
74 1.66611e+07
75 1.71578e+07
76 1.76563e+07
77 1.81562e+07
78 1.86571e+07
79 1.91587e+07
80 1.96606e+07
81 2.01625e+07
82 2.06642e+07
83 2.11652e+07
84 2.16653e+07
85 2.21641e+07
86 2.26615e+07
87 2.3157e+07
88 2.36505e+07
89 2.41416e+07
90 2.46301e+07
91 2.51158e+07
92 2.55983e+07
93 2.60775e+07
94 2.65532e+07
95 2.70251e+07
96 2.7493e+07
97 2.79567e+07
98 2.8416e+07
99 2.88708e+07
100 2.93208e+07
101 2.97659e+07
102 3.0206e+07
103 3.06409e+07
104 3.10704e+07
105 3.14944e+07
106 3.19128e+07
107 3.23255e+07
108 3.27323e+07
109 3.31332e+07
110 3.35281e+07
111 3.39168e+07
112 3.42993e+07
113 3.46755e+07
114 3.50454e+07
115 3.54088e+07
116 3.57658e+07
117 3.61162e+07
118 3.64601e+07
119 3.67973e+07
120 3.71279e+07
121 3.74519e+07
122 3.77691e+07
123 3.80797e+07
124 3.83835e+07
125 3.86806e+07
126 3.89709e+07
127 3.92546e+07
128 3.95315e+07
129 3.98017e+07
130 4.00652e+07
131 4.0322e+07
132 4.05721e+07
133 4.08156e+07
134 4.10525e+07
135 4.12829e+07
136 4.15067e+07
137 4.1724e+07
138 4.19348e+07
139 4.21392e+07
140 4.23372e+07
141 4.25289e+07
142 4.27143e+07
143 4.28935e+07
144 4.30665e+07
145 4.32334e+07
146 4.33942e+07
147 4.35491e+07
148 4.36979e+07
149 4.3841e+07
150 4.39782e+07
151 4.41096e+07
152 4.42354e+07
153 4.43555e+07
154 4.44701e+07
155 4.45792e+07
156 4.4683e+07
157 4.47813e+07
158 4.48744e+07
159 4.49623e+07
160 4.50451e+07
161 4.51228e+07
162 4.51956e+07
163 4.52634e+07
164 4.53264e+07
165 4.53847e+07
166 4.54382e+07
167 4.54872e+07
168 4.55316e+07
169 4.55716e+07
170 4.56071e+07
171 4.56384e+07
172 4.56654e+07
173 4.56882e+07
174 4.57069e+07
175 4.57216e+07
176 4.57324e+07
177 4.57393e+07
178 4.57423e+07
179 4.57417e+07
180 4.57374e+07
181 4.57294e+07
182 4.5718e+07
183 4.57031e+07
184 4.56848e+07
185 4.56632e+07
186 4.56383e+07
187 4.56103e+07
188 4.55791e+07
189 4.55449e+07
190 4.55077e+07
191 4.54676e+07
192 4.54246e+07
193 4.53789e+07
194 4.53304e+07
195 4.52792e+07
196 4.52254e+07
197 4.51691e+07
198 4.51103e+07
199 4.50491e+07
200 4.49855e+07
201 4.49196e+07
202 4.48514e+07
203 4.4781e+07
204 4.47085e+07
205 4.46339e+07
206 4.45572e+07
207 4.44786e+07
208 4.43981e+07
209 4.43156e+07
210 4.42314e+07
211 4.41453e+07
212 4.40575e+07
213 4.39681e+07
214 4.3877e+07
215 4.37843e+07
216 4.36901e+07
217 4.35944e+07
218 4.34973e+07
219 4.33987e+07
220 4.32988e+07
221 4.31976e+07
222 4.3095e+07
223 4.29913e+07
224 4.28863e+07
225 4.27802e+07
226 4.2673e+07
227 4.25647e+07
228 4.24554e+07
229 4.23451e+07
230 4.22338e+07
231 4.21215e+07
232 4.20084e+07
233 4.18944e+07
234 4.17796e+07
235 4.1664e+07
236 4.15476e+07
237 4.14306e+07
238 4.13128e+07
239 4.11943e+07
240 4.10752e+07
241 4.09555e+07
242 4.08352e+07
243 4.07144e+07
244 4.0593e+07
245 4.04712e+07
246 4.03489e+07
247 4.02261e+07
248 4.0103e+07
249 3.99794e+07
250 3.98555e+07
251 3.97312e+07
252 3.96066e+07
253 3.94818e+07
254 3.93566e+07
255 3.92312e+07
256 3.91056e+07
257 3.89797e+07
258 3.88537e+07
259 3.87275e+07
260 3.86012e+07
261 3.84747e+07
262 3.83481e+07
263 3.82215e+07
264 3.80947e+07
265 3.7968e+07
266 3.78411e+07
267 3.77143e+07
268 3.75874e+07
269 3.74606e+07
270 3.73338e+07
271 3.7207e+07
272 3.70803e+07
273 3.69537e+07
274 3.68271e+07
275 3.67007e+07
276 3.65743e+07
277 3.64481e+07
278 3.63221e+07
279 3.61961e+07
280 3.60704e+07
281 3.59448e+07
282 3.58194e+07
283 3.56943e+07
284 3.55693e+07
285 3.54445e+07
286 3.532e+07
287 3.51957e+07
288 3.50717e+07
289 3.49479e+07
290 3.48244e+07
291 3.47012e+07
292 3.45783e+07
293 3.44557e+07
294 3.43334e+07
295 3.42113e+07
296 3.40896e+07
297 3.39683e+07
298 3.38473e+07
299 3.37266e+07
300 3.36062e+07
301 3.34863e+07
302 3.33667e+07
303 3.32474e+07
304 3.31285e+07
305 3.301e+07
306 3.28919e+07
307 3.27742e+07
308 3.26569e+07
309 3.254e+07
310 3.24235e+07
311 3.23074e+07
312 3.21917e+07
313 3.20765e+07
314 3.19617e+07
315 3.18473e+07
316 3.17333e+07
317 3.16198e+07
318 3.15067e+07
319 3.13941e+07
320 3.12819e+07
321 3.11701e+07
322 3.10588e+07
323 3.0948e+07
324 3.08376e+07
325 3.07277e+07
326 3.06183e+07
327 3.05093e+07
328 3.04008e+07
329 3.02928e+07
330 3.01852e+07
331 3.00781e+07
332 2.99715e+07
333 2.98654e+07
334 2.97597e+07
335 2.96546e+07
336 2.95499e+07
337 2.94457e+07
338 2.9342e+07
339 2.92387e+07
340 2.9136e+07
341 2.90338e+07
342 2.8932e+07
343 2.88307e+07
344 2.873e+07
345 2.86297e+07
346 2.85299e+07
347 2.84306e+07
348 2.83318e+07
349 2.82335e+07
350 2.81357e+07
351 2.80383e+07
352 2.79415e+07
353 2.78452e+07
354 2.77493e+07
355 2.7654e+07
356 2.75591e+07
357 2.74648e+07
358 2.73709e+07
359 2.72775e+07
360 2.71847e+07
361 2.70923e+07
362 2.70004e+07
363 2.6909e+07
364 2.68181e+07
365 2.67276e+07
366 2.66377e+07
367 2.65483e+07
368 2.64593e+07
369 2.63708e+07
370 2.62828e+07
371 2.61953e+07
372 2.61083e+07
373 2.60218e+07
374 2.59357e+07
375 2.58501e+07
376 2.57651e+07
377 2.56804e+07
378 2.55963e+07
379 2.55126e+07
380 2.54295e+07
381 2.53467e+07
382 2.52645e+07
383 2.51827e+07
384 2.51014e+07
385 2.50206e+07
386 2.49402e+07
387 2.48603e+07
388 2.47809e+07
389 2.47019e+07
390 2.46234e+07
391 2.45454e+07
392 2.44678e+07
393 2.43906e+07
394 2.43139e+07
395 2.42377e+07
396 2.41619e+07
397 2.40866e+07
398 2.40117e+07
399 2.39373e+07
400 2.38633e+07
401 2.37897e+07
402 2.37166e+07
403 2.3644e+07
404 2.35717e+07
405 2.34999e+07
406 2.34286e+07
407 2.33577e+07
408 2.32872e+07
409 2.32171e+07
410 2.31474e+07
411 2.30782e+07
412 2.30094e+07
413 2.29411e+07
414 2.28731e+07
415 2.28056e+07
416 2.27385e+07
417 2.26718e+07
418 2.26055e+07
419 2.25396e+07
420 2.24741e+07
421 2.24091e+07
422 2.23444e+07
423 2.22801e+07
424 2.22163e+07
425 2.21528e+07
426 2.20898e+07
427 2.20271e+07
428 2.19648e+07
429 2.1903e+07
430 2.18415e+07
431 2.17804e+07
432 2.17196e+07
433 2.16593e+07
434 2.15994e+07
435 2.15398e+07
436 2.14806e+07
437 2.14218e+07
438 2.13633e+07
439 2.13053e+07
440 2.12476e+07
441 2.11902e+07
442 2.11333e+07
443 2.10767e+07
444 2.10204e+07
445 2.09645e+07
446 2.0909e+07
447 2.08538e+07
448 2.0799e+07
449 2.07446e+07
450 2.06905e+07
451 2.06367e+07
452 2.05833e+07
453 2.05302e+07
454 2.04775e+07
455 2.04251e+07
456 2.03731e+07
457 2.03214e+07
458 2.027e+07
459 2.0219e+07
460 2.01683e+07
461 2.01179e+07
462 2.00679e+07
463 2.00182e+07
464 1.99688e+07
465 1.99197e+07
466 1.9871e+07
467 1.98226e+07
468 1.97745e+07
469 1.97267e+07
470 1.96792e+07
471 1.9632e+07
472 1.95852e+07
473 1.95386e+07
474 1.94924e+07
475 1.94464e+07
476 1.94008e+07
477 1.93555e+07
478 1.93105e+07
479 1.92657e+07
480 1.92213e+07
481 1.91771e+07
482 1.91333e+07
483 1.90897e+07
484 1.90465e+07
485 1.90035e+07
486 1.89608e+07
487 1.89184e+07
488 1.88762e+07
489 1.88344e+07
490 1.87928e+07
491 1.87515e+07
492 1.87105e+07
493 1.86698e+07
494 1.86293e+07
495 1.85891e+07
496 1.85491e+07
497 1.85095e+07
498 1.84701e+07
499 1.84309e+07
500 1.83921e+07
501 1.83535e+07
502 1.83151e+07
503 1.8277e+07
504 1.82392e+07
505 1.82016e+07
506 1.81642e+07
507 1.81272e+07
508 1.80903e+07
509 1.80537e+07
510 1.80174e+07
511 1.79813e+07
512 1.79455e+07
513 1.79099e+07
514 1.78745e+07
515 1.78394e+07
516 1.78045e+07
517 1.77698e+07
518 1.77354e+07
519 1.77012e+07
520 1.76673e+07
521 1.76336e+07
522 1.76001e+07
523 1.75668e+07
524 1.75338e+07
525 1.75009e+07
526 1.74683e+07
527 1.7436e+07
528 1.74038e+07
529 1.73719e+07
530 1.73402e+07
531 1.73087e+07
532 1.72774e+07
533 1.72463e+07
534 1.72155e+07
535 1.71848e+07
536 1.71544e+07
537 1.71241e+07
538 1.70941e+07
539 1.70643e+07
540 1.70347e+07
541 1.70053e+07
542 1.69761e+07
543 1.69471e+07
544 1.69182e+07
545 1.68896e+07
546 1.68612e+07
547 1.6833e+07
548 1.6805e+07
549 1.67771e+07
550 1.67495e+07
551 1.6722e+07
552 1.66947e+07
553 1.66677e+07
554 1.66408e+07
555 1.66141e+07
556 1.65875e+07
557 1.65612e+07
558 1.6535e+07
559 1.65091e+07
560 1.64833e+07
561 1.64576e+07
562 1.64322e+07
563 1.64069e+07
564 1.63818e+07
565 1.63569e+07
566 1.63322e+07
567 1.63076e+07
568 1.62832e+07
569 1.62589e+07
570 1.62348e+07
571 1.62109e+07
572 1.61872e+07
573 1.61636e+07
574 1.61402e+07
575 1.6117e+07
576 1.60939e+07
577 1.60709e+07
578 1.60482e+07
579 1.60256e+07
580 1.60031e+07
581 1.59808e+07
582 1.59587e+07
583 1.59367e+07
584 1.59148e+07
585 1.58932e+07
586 1.58716e+07
587 1.58502e+07
588 1.5829e+07
589 1.58079e+07
590 1.5787e+07
591 1.57662e+07
592 1.57455e+07
593 1.5725e+07
594 1.57047e+07
595 1.56844e+07
596 1.56644e+07
597 1.56444e+07
598 1.56246e+07
599 1.5605e+07
600 1.55854e+07
601 1.55661e+07
602 1.55468e+07
603 1.55277e+07
604 1.55087e+07
605 1.54899e+07
606 1.54711e+07
607 1.54525e+07
608 1.54341e+07
609 1.54158e+07
610 1.53976e+07
611 1.53795e+07
612 1.53616e+07
613 1.53437e+07
614 1.5326e+07
615 1.53085e+07
616 1.5291e+07
617 1.52737e+07
618 1.52565e+07
619 1.52394e+07
620 1.52225e+07
621 1.52056e+07
622 1.51889e+07
623 1.51723e+07
624 1.51558e+07
625 1.51394e+07
626 1.51232e+07
627 1.51071e+07
628 1.5091e+07
629 1.50751e+07
630 1.50593e+07
631 1.50436e+07
632 1.5028e+07
633 1.50126e+07
634 1.49972e+07
635 1.4982e+07
636 1.49668e+07
637 1.49518e+07
638 1.49369e+07
639 1.4922e+07
640 1.49073e+07
641 1.48927e+07
642 1.48782e+07
643 1.48638e+07
644 1.48495e+07
645 1.48353e+07
646 1.48212e+07
647 1.48072e+07
648 1.47933e+07
649 1.47795e+07
650 1.47658e+07
651 1.47521e+07
652 1.47386e+07
653 1.47252e+07
654 1.47119e+07
655 1.46987e+07
656 1.46855e+07
657 1.46725e+07
658 1.46595e+07
659 1.46467e+07
660 1.46339e+07
661 1.46213e+07
662 1.46087e+07
663 1.45962e+07
664 1.45838e+07
665 1.45715e+07
666 1.45593e+07
667 1.45471e+07
668 1.45351e+07
669 1.45231e+07
670 1.45112e+07
671 1.44994e+07
672 1.44877e+07
673 1.44761e+07
674 1.44645e+07
675 1.44531e+07
676 1.44417e+07
677 1.44304e+07
678 1.44192e+07
679 1.44081e+07
680 1.4397e+07
681 1.4386e+07
682 1.43751e+07
683 1.43643e+07
684 1.43536e+07
685 1.43429e+07
686 1.43323e+07
687 1.43218e+07
688 1.43114e+07
689 1.4301e+07
690 1.42907e+07
691 1.42805e+07
692 1.42704e+07
693 1.42603e+07
694 1.42503e+07
695 1.42404e+07
696 1.42306e+07
697 1.42208e+07
698 1.42111e+07
699 1.42014e+07
700 1.41919e+07
701 1.41824e+07
702 1.41729e+07
703 1.41636e+07
704 1.41543e+07
705 1.41451e+07
706 1.41359e+07
707 1.41268e+07
708 1.41178e+07
709 1.41088e+07
710 1.40999e+07
711 1.40911e+07
712 1.40823e+07
713 1.40736e+07
714 1.4065e+07
715 1.40564e+07
716 1.40479e+07
717 1.40394e+07
718 1.4031e+07
719 1.40227e+07
720 1.40144e+07
721 1.40062e+07
722 1.39981e+07
723 1.399e+07
724 1.39819e+07
725 1.3974e+07
726 1.39661e+07
727 1.39582e+07
728 1.39504e+07
729 1.39427e+07
730 1.3935e+07
731 1.39273e+07
732 1.39198e+07
733 1.39122e+07
734 1.39048e+07
735 1.38974e+07
736 1.389e+07
737 1.38827e+07
738 1.38755e+07
739 1.38683e+07
740 1.38611e+07
741 1.3854e+07
742 1.3847e+07
743 1.384e+07
744 1.38331e+07
745 1.38262e+07
746 1.38194e+07
747 1.38126e+07
748 1.38058e+07
749 1.37992e+07
750 1.37925e+07
751 1.37859e+07
752 1.37794e+07
753 1.37729e+07
754 1.37665e+07
755 1.37601e+07
756 1.37537e+07
757 1.37474e+07
758 1.37412e+07
759 1.3735e+07
760 1.37288e+07
761 1.37227e+07
762 1.37166e+07
763 1.37106e+07
764 1.37046e+07
765 1.36987e+07
766 1.36928e+07
767 1.3687e+07
768 1.36811e+07
769 1.36754e+07
770 1.36697e+07
771 1.3664e+07
772 1.36584e+07
773 1.36528e+07
774 1.36472e+07
775 1.36417e+07
776 1.36362e+07
777 1.36308e+07
778 1.36254e+07
779 1.36201e+07
780 1.36148e+07
781 1.36095e+07
782 1.36043e+07
783 1.35991e+07
784 1.35939e+07
785 1.35888e+07
786 1.35838e+07
787 1.35787e+07
788 1.35737e+07
789 1.35688e+07
790 1.35638e+07
791 1.3559e+07
792 1.35541e+07
793 1.35493e+07
794 1.35445e+07
795 1.35398e+07
796 1.35351e+07
797 1.35304e+07
798 1.35258e+07
799 1.35212e+07
800 1.35166e+07
801 1.35121e+07
802 1.35076e+07
803 1.35031e+07
804 1.34987e+07
805 1.34943e+07
806 1.34899e+07
807 1.34856e+07
808 1.34813e+07
809 1.3477e+07
810 1.34728e+07
811 1.34686e+07
812 1.34644e+07
813 1.34603e+07
814 1.34562e+07
815 1.34521e+07
816 1.34481e+07
817 1.34441e+07
818 1.34401e+07
819 1.34362e+07
820 1.34322e+07
821 1.34283e+07
822 1.34245e+07
823 1.34206e+07
824 1.34168e+07
825 1.34131e+07
826 1.34093e+07
827 1.34056e+07
828 1.34019e+07
829 1.33983e+07
830 1.33946e+07
831 1.3391e+07
832 1.33875e+07
833 1.33839e+07
834 1.33804e+07
835 1.33769e+07
836 1.33734e+07
837 1.337e+07
838 1.33666e+07
839 1.33632e+07
840 1.33598e+07
841 1.33565e+07
842 1.33532e+07
843 1.33499e+07
844 1.33466e+07
845 1.33434e+07
846 1.33402e+07
847 1.3337e+07
848 1.33339e+07
849 1.33307e+07
850 1.33276e+07
851 1.33245e+07
852 1.33215e+07
853 1.33184e+07
854 1.33154e+07
855 1.33124e+07
856 1.33095e+07
857 1.33065e+07
858 1.33036e+07
859 1.33007e+07
860 1.32978e+07
861 1.3295e+07
862 1.32921e+07
863 1.32893e+07
864 1.32865e+07
865 1.32838e+07
866 1.3281e+07
867 1.32783e+07
868 1.32756e+07
869 1.32729e+07
870 1.32703e+07
871 1.32676e+07
872 1.3265e+07
873 1.32624e+07
874 1.32598e+07
875 1.32573e+07
876 1.32547e+07
877 1.32522e+07
878 1.32497e+07
879 1.32472e+07
880 1.32448e+07
881 1.32424e+07
882 1.32399e+07
883 1.32375e+07
884 1.32352e+07
885 1.32328e+07
886 1.32305e+07
887 1.32281e+07
888 1.32258e+07
889 1.32235e+07
890 1.32213e+07
891 1.3219e+07
892 1.32168e+07
893 1.32146e+07
894 1.32124e+07
895 1.32102e+07
896 1.3208e+07
897 1.32059e+07
898 1.32038e+07
899 1.32017e+07
900 1.31996e+07
901 1.31975e+07
902 1.31954e+07
903 1.31934e+07
904 1.31914e+07
905 1.31893e+07
906 1.31874e+07
907 1.31854e+07
908 1.31834e+07
909 1.31815e+07
910 1.31795e+07
911 1.31776e+07
912 1.31757e+07
913 1.31738e+07
914 1.3172e+07
915 1.31701e+07
916 1.31683e+07
917 1.31665e+07
918 1.31646e+07
919 1.31629e+07
920 1.31611e+07
921 1.31593e+07
922 1.31576e+07
923 1.31558e+07
924 1.31541e+07
925 1.31524e+07
926 1.31507e+07
927 1.3149e+07
928 1.31474e+07
929 1.31457e+07
930 1.31441e+07
931 1.31424e+07
932 1.31408e+07
933 1.31392e+07
934 1.31377e+07
935 1.31361e+07
936 1.31345e+07
937 1.3133e+07
938 1.31314e+07
939 1.31299e+07
940 1.31284e+07
941 1.31269e+07
942 1.31254e+07
943 1.3124e+07
944 1.31225e+07
945 1.31211e+07
946 1.31196e+07
947 1.31182e+07
948 1.31168e+07
949 1.31154e+07
950 1.3114e+07
951 1.31127e+07
952 1.31113e+07
953 1.31099e+07
954 1.31086e+07
955 1.31073e+07
956 1.3106e+07
957 1.31046e+07
958 1.31034e+07
959 1.31021e+07
960 1.31008e+07
961 1.30995e+07
962 1.30983e+07
963 1.3097e+07
964 1.30958e+07
965 1.30946e+07
966 1.30934e+07
967 1.30922e+07
968 1.3091e+07
969 1.30898e+07
970 1.30886e+07
971 1.30875e+07
972 1.30863e+07
973 1.30852e+07
974 1.30841e+07
975 1.3083e+07
976 1.30818e+07
977 1.30807e+07
978 1.30797e+07
979 1.30786e+07
980 1.30775e+07
981 1.30764e+07
982 1.30754e+07
983 1.30744e+07
984 1.30733e+07
985 1.30723e+07
986 1.30713e+07
987 1.30703e+07
988 1.30693e+07
989 1.30683e+07
990 1.30673e+07
991 1.30663e+07
992 1.30654e+07
993 1.30644e+07
994 1.30635e+07
995 1.30625e+07
996 1.30616e+07
997 1.30607e+07
998 1.30598e+07
999 1.30589e+07
1000 1.3058e+07
1001 1.30571e+07
1002 1.30562e+07
1003 1.30553e+07
1004 1.30544e+07
1005 1.30536e+07
1006 1.30527e+07
1007 1.30519e+07
1008 1.30511e+07
1009 1.30502e+07
1010 1.30494e+07
1011 1.30486e+07
1012 1.30478e+07
1013 1.3047e+07
1014 1.30462e+07
1015 1.30454e+07
1016 1.30447e+07
1017 1.30439e+07
1018 1.30431e+07
1019 1.30424e+07
1020 1.30416e+07
1021 1.30409e+07
1022 1.30401e+07
1023 1.30394e+07
1024 1.30387e+07
1025 1.3038e+07
1026 1.30373e+07
1027 1.30366e+07
1028 1.30359e+07
1029 1.30352e+07
1030 1.30345e+07
1031 1.30338e+07
1032 1.30332e+07
1033 1.30325e+07
1034 1.30319e+07
1035 1.30312e+07
1036 1.30306e+07
1037 1.30299e+07
1038 1.30293e+07
1039 1.30287e+07
1040 1.3028e+07
1041 1.30274e+07
1042 1.30268e+07
1043 1.30262e+07
1044 1.30256e+07
1045 1.3025e+07
1046 1.30244e+07
1047 1.30239e+07
1048 1.30233e+07
1049 1.30227e+07
1050 1.30222e+07
1051 1.30216e+07
1052 1.30211e+07
1053 1.30205e+07
1054 1.302e+07
1055 1.30194e+07
1056 1.30189e+07
1057 1.30184e+07
1058 1.30179e+07
1059 1.30173e+07
1060 1.30168e+07
1061 1.30163e+07
1062 1.30158e+07
1063 1.30153e+07
1064 1.30148e+07
1065 1.30144e+07
1066 1.30139e+07
1067 1.30134e+07
1068 1.30129e+07
1069 1.30125e+07
1070 1.3012e+07
1071 1.30115e+07
1072 1.30111e+07
1073 1.30106e+07
1074 1.30102e+07
1075 1.30098e+07
1076 1.30093e+07
1077 1.30089e+07
1078 1.30085e+07
1079 1.30081e+07
1080 1.30076e+07
1081 1.30072e+07
1082 1.30068e+07
1083 1.30064e+07
1084 1.3006e+07
1085 1.30056e+07
1086 1.30052e+07
1087 1.30048e+07
1088 1.30045e+07
1089 1.30041e+07
1090 1.30037e+07
1091 1.30033e+07
1092 1.3003e+07
1093 1.30026e+07
1094 1.30022e+07
1095 1.30019e+07
1096 1.30015e+07
1097 1.30012e+07
1098 1.30009e+07
1099 1.30005e+07
1100 1.30002e+07
1101 1.29998e+07
1102 1.29995e+07
1103 1.29992e+07
1104 1.29989e+07
1105 1.29985e+07
1106 1.29982e+07
1107 1.29979e+07
1108 1.29976e+07
1109 1.29973e+07
1110 1.2997e+07
1111 1.29967e+07
1112 1.29964e+07
1113 1.29961e+07
1114 1.29958e+07
1115 1.29956e+07
1116 1.29953e+07
1117 1.2995e+07
1118 1.29947e+07
1119 1.29945e+07
1120 1.29942e+07
1121 1.29939e+07
1122 1.29937e+07
1123 1.29934e+07
1124 1.29931e+07
1125 1.29929e+07
1126 1.29926e+07
1127 1.29924e+07
1128 1.29921e+07
1129 1.29919e+07
1130 1.29917e+07
1131 1.29914e+07
1132 1.29912e+07
1133 1.2991e+07
1134 1.29907e+07
1135 1.29905e+07
1136 1.29903e+07
1137 1.29901e+07
1138 1.29899e+07
1139 1.29897e+07
1140 1.29894e+07
1141 1.29892e+07
1142 1.2989e+07
1143 1.29888e+07
1144 1.29886e+07
1145 1.29884e+07
1146 1.29882e+07
1147 1.2988e+07
1148 1.29879e+07
1149 1.29877e+07
1150 1.29875e+07
1151 1.29873e+07
1152 1.29871e+07
1153 1.29869e+07
1154 1.29868e+07
1155 1.29866e+07
1156 1.29864e+07
1157 1.29862e+07
1158 1.29861e+07
1159 1.29859e+07
1160 1.29858e+07
1161 1.29856e+07
1162 1.29854e+07
1163 1.29853e+07
1164 1.29851e+07
1165 1.2985e+07
1166 1.29848e+07
1167 1.29847e+07
1168 1.29845e+07
1169 1.29844e+07
1170 1.29843e+07
1171 1.29841e+07
1172 1.2984e+07
1173 1.29839e+07
1174 1.29837e+07
1175 1.29836e+07
1176 1.29835e+07
1177 1.29833e+07
1178 1.29832e+07
1179 1.29831e+07
1180 1.2983e+07
1181 1.29828e+07
1182 1.29827e+07
1183 1.29826e+07
1184 1.29825e+07
1185 1.29824e+07
1186 1.29823e+07
1187 1.29822e+07
1188 1.29821e+07
1189 1.2982e+07
1190 1.29819e+07
1191 1.29818e+07
1192 1.29817e+07
1193 1.29816e+07
1194 1.29815e+07
1195 1.29814e+07
1196 1.29813e+07
1197 1.29812e+07
1198 1.29811e+07
1199 1.2981e+07
1200 1.29809e+07
1201 1.29808e+07
1202 1.29808e+07
1203 1.29807e+07
1204 1.29806e+07
1205 1.29805e+07
1206 1.29804e+07
1207 1.29804e+07
1208 1.29803e+07
1209 1.29802e+07
1210 1.29801e+07
1211 1.29801e+07
1212 1.298e+07
1213 1.29799e+07
1214 1.29799e+07
1215 1.29798e+07
1216 1.29798e+07
1217 1.29797e+07
1218 1.29796e+07
1219 1.29796e+07
1220 1.29795e+07
1221 1.29795e+07
1222 1.29794e+07
1223 1.29794e+07
1224 1.29793e+07
1225 1.29792e+07
1226 1.29792e+07
1227 1.29791e+07
1228 1.29791e+07
1229 1.29791e+07
1230 1.2979e+07
1231 1.2979e+07
1232 1.29789e+07
1233 1.29789e+07
1234 1.29788e+07
1235 1.29788e+07
1236 1.29788e+07
1237 1.29787e+07
1238 1.29787e+07
1239 1.29787e+07
1240 1.29786e+07
1241 1.29786e+07
1242 1.29786e+07
1243 1.29785e+07
1244 1.29785e+07
1245 1.29785e+07
1246 1.29784e+07
1247 1.29784e+07
1248 1.29784e+07
1249 1.29784e+07
1250 1.29783e+07
1251 1.29783e+07
1252 1.29783e+07
1253 1.29783e+07
1254 1.29783e+07
1255 1.29782e+07
1256 1.29782e+07
1257 1.29782e+07
1258 1.29782e+07
1259 1.29782e+07
1260 1.29782e+07
1261 1.29782e+07
1262 1.29781e+07
1263 1.29781e+07
1264 1.29781e+07
1265 1.29781e+07
1266 1.29781e+07
1267 1.29781e+07
1268 1.29781e+07
1269 1.29781e+07
1270 1.29781e+07
1271 1.29781e+07
1272 1.29781e+07
1273 1.29781e+07
1274 1.29781e+07
1275 1.29781e+07
1276 1.29781e+07
1277 1.29781e+07
1278 1.29781e+07
1279 1.29781e+07
1280 1.29781e+07
1281 1.29781e+07
1282 1.29781e+07
1283 1.29781e+07
1284 1.29781e+07
1285 1.29781e+07
1286 1.29781e+07
1287 1.29781e+07
1288 1.29781e+07
1289 1.29781e+07
1290 1.29781e+07
1291 1.29781e+07
1292 1.29782e+07
1293 1.29782e+07
1294 1.29782e+07
1295 1.29782e+07
1296 1.29782e+07
1297 1.29782e+07
1298 1.29782e+07
1299 1.29782e+07
1300 1.29783e+07
1301 1.29783e+07
1302 1.29783e+07
1303 1.29783e+07
1304 1.29783e+07
1305 1.29784e+07
1306 1.29784e+07
1307 1.29784e+07
1308 1.29784e+07
1309 1.29784e+07
1310 1.29785e+07
1311 1.29785e+07
1312 1.29785e+07
1313 1.29785e+07
1314 1.29785e+07
1315 1.29786e+07
1316 1.29786e+07
1317 1.29786e+07
1318 1.29786e+07
1319 1.29787e+07
1320 1.29787e+07
1321 1.29787e+07
1322 1.29787e+07
1323 1.29788e+07
1324 1.29788e+07
1325 1.29788e+07
1326 1.29789e+07
1327 1.29789e+07
1328 1.29789e+07
1329 1.29789e+07
1330 1.2979e+07
1331 1.2979e+07
1332 1.2979e+07
1333 1.29791e+07
1334 1.29791e+07
1335 1.29791e+07
1336 1.29792e+07
1337 1.29792e+07
1338 1.29792e+07
1339 1.29793e+07
1340 1.29793e+07
1341 1.29793e+07
1342 1.29794e+07
1343 1.29794e+07
1344 1.29794e+07
1345 1.29795e+07
1346 1.29795e+07
1347 1.29796e+07
1348 1.29796e+07
1349 1.29796e+07
1350 1.29797e+07
1351 1.29797e+07
1352 1.29797e+07
1353 1.29798e+07
1354 1.29798e+07
1355 1.29799e+07
1356 1.29799e+07
1357 1.29799e+07
1358 1.298e+07
1359 1.298e+07
1360 1.29801e+07
1361 1.29801e+07
1362 1.29801e+07
1363 1.29802e+07
1364 1.29802e+07
1365 1.29803e+07
1366 1.29803e+07
1367 1.29804e+07
1368 1.29804e+07
1369 1.29804e+07
1370 1.29805e+07
1371 1.29805e+07
1372 1.29806e+07
1373 1.29806e+07
1374 1.29807e+07
1375 1.29807e+07
1376 1.29807e+07
1377 1.29808e+07
1378 1.29808e+07
1379 1.29809e+07
1380 1.29809e+07
1381 1.2981e+07
1382 1.2981e+07
1383 1.29811e+07
1384 1.29811e+07
1385 1.29812e+07
1386 1.29812e+07
1387 1.29813e+07
1388 1.29813e+07
1389 1.29813e+07
1390 1.29814e+07
1391 1.29814e+07
1392 1.29815e+07
1393 1.29815e+07
1394 1.29816e+07
1395 1.29816e+07
1396 1.29817e+07
1397 1.29817e+07
1398 1.29818e+07
1399 1.29818e+07
1400 1.29819e+07
1401 1.29819e+07
1402 1.2982e+07
1403 1.2982e+07
1404 1.29821e+07
1405 1.29821e+07
1406 1.29822e+07
1407 1.29822e+07
1408 1.29823e+07
1409 1.29823e+07
1410 1.29824e+07
1411 1.29824e+07
1412 1.29825e+07
1413 1.29825e+07
1414 1.29826e+07
1415 1.29826e+07
1416 1.29827e+07
1417 1.29827e+07
1418 1.29828e+07
1419 1.29828e+07
1420 1.29829e+07
1421 1.29829e+07
1422 1.2983e+07
1423 1.2983e+07
1424 1.29831e+07
1425 1.29831e+07
1426 1.29832e+07
1427 1.29833e+07
1428 1.29833e+07
1429 1.29834e+07
1430 1.29834e+07
1431 1.29835e+07
1432 1.29835e+07
1433 1.29836e+07
1434 1.29836e+07
1435 1.29837e+07
1436 1.29837e+07
1437 1.29838e+07
1438 1.29838e+07
1439 1.29839e+07
1440 1.29839e+07
1441 1.2984e+07
1442 1.2984e+07
1443 1.29841e+07
1444 1.29841e+07
1445 1.29842e+07
1446 1.29843e+07
1447 1.29843e+07
1448 1.29844e+07
1449 1.29844e+07
1450 1.29845e+07
1451 1.29845e+07
1452 1.29846e+07
1453 1.29846e+07
1454 1.29847e+07
1455 1.29847e+07
1456 1.29848e+07
1457 1.29848e+07
1458 1.29849e+07
1459 1.2985e+07
1460 1.2985e+07
1461 1.29851e+07
1462 1.29851e+07
1463 1.29852e+07
1464 1.29852e+07
1465 1.29853e+07
1466 1.29853e+07
1467 1.29854e+07
1468 1.29854e+07
1469 1.29855e+07
1470 1.29855e+07
1471 1.29856e+07
1472 1.29857e+07
1473 1.29857e+07
1474 1.29858e+07
1475 1.29858e+07
1476 1.29859e+07
1477 1.29859e+07
1478 1.2986e+07
1479 1.2986e+07
1480 1.29861e+07
1481 1.29861e+07
1482 1.29862e+07
1483 1.29862e+07
1484 1.29863e+07
1485 1.29864e+07
1486 1.29864e+07
1487 1.29865e+07
1488 1.29865e+07
1489 1.29866e+07
1490 1.29866e+07
1491 1.29867e+07
1492 1.29867e+07
1493 1.29868e+07
1494 1.29868e+07
1495 1.29869e+07
1496 1.29869e+07
1497 1.2987e+07
1498 1.2987e+07
1499 1.29871e+07
1500 1.29872e+07
1501 1.29872e+07
1502 1.29873e+07
1503 1.29873e+07
1504 1.29874e+07
1505 1.29874e+07
1506 1.29875e+07
1507 1.29875e+07
1508 1.29876e+07
1509 1.29876e+07
1510 1.29877e+07
1511 1.29877e+07
1512 1.29878e+07
1513 1.29878e+07
1514 1.29879e+07
1515 1.2988e+07
1516 1.2988e+07
1517 1.29881e+07
1518 1.29881e+07
1519 1.29882e+07
1520 1.29882e+07
1521 1.29883e+07
1522 1.29883e+07
1523 1.29884e+07
1524 1.29884e+07
1525 1.29885e+07
1526 1.29885e+07
1527 1.29886e+07
1528 1.29886e+07
1529 1.29887e+07
1530 1.29887e+07
1531 1.29888e+07
1532 1.29888e+07
1533 1.29889e+07
1534 1.29889e+07
1535 1.2989e+07
1536 1.2989e+07
1537 1.29891e+07
1538 1.29892e+07
1539 1.29892e+07
1540 1.29893e+07
1541 1.29893e+07
1542 1.29894e+07
1543 1.29894e+07
1544 1.29895e+07
1545 1.29895e+07
1546 1.29896e+07
1547 1.29896e+07
1548 1.29897e+07
1549 1.29897e+07
1550 1.29898e+07
1551 1.29898e+07
1552 1.29899e+07
1553 1.29899e+07
1554 1.299e+07
1555 1.299e+07
1556 1.29901e+07
1557 1.29901e+07
1558 1.29902e+07
1559 1.29902e+07
1560 1.29903e+07
1561 1.29903e+07
1562 1.29904e+07
1563 1.29904e+07
1564 1.29905e+07
1565 1.29905e+07
1566 1.29906e+07
1567 1.29906e+07
1568 1.29907e+07
1569 1.29907e+07
1570 1.29908e+07
1571 1.29908e+07
1572 1.29909e+07
1573 1.29909e+07
1574 1.2991e+07
1575 1.2991e+07
1576 1.29911e+07
1577 1.29911e+07
1578 1.29912e+07
1579 1.29912e+07
1580 1.29913e+07
1581 1.29913e+07
1582 1.29913e+07
1583 1.29914e+07
1584 1.29914e+07
1585 1.29915e+07
1586 1.29915e+07
1587 1.29916e+07
1588 1.29916e+07
1589 1.29917e+07
1590 1.29917e+07
1591 1.29918e+07
1592 1.29918e+07
1593 1.29919e+07
1594 1.29919e+07
1595 1.2992e+07
1596 1.2992e+07
1597 1.29921e+07
1598 1.29921e+07
1599 1.29922e+07
1600 1.29922e+07
1601 1.29923e+07
1602 1.29923e+07
1603 1.29923e+07
1604 1.29924e+07
1605 1.29924e+07
1606 1.29925e+07
1607 1.29925e+07
1608 1.29926e+07
1609 1.29926e+07
1610 1.29927e+07
1611 1.29927e+07
1612 1.29928e+07
1613 1.29928e+07
1614 1.29928e+07
1615 1.29929e+07
1616 1.29929e+07
1617 1.2993e+07
1618 1.2993e+07
1619 1.29931e+07
1620 1.29931e+07
1621 1.29932e+07
1622 1.29932e+07
1623 1.29933e+07
1624 1.29933e+07
1625 1.29933e+07
1626 1.29934e+07
1627 1.29934e+07
1628 1.29935e+07
1629 1.29935e+07
1630 1.29936e+07
1631 1.29936e+07
1632 1.29936e+07
1633 1.29937e+07
1634 1.29937e+07
1635 1.29938e+07
1636 1.29938e+07
1637 1.29939e+07
1638 1.29939e+07
1639 1.2994e+07
1640 1.2994e+07
1641 1.2994e+07
1642 1.29941e+07
1643 1.29941e+07
1644 1.29942e+07
1645 1.29942e+07
1646 1.29943e+07
1647 1.29943e+07
1648 1.29943e+07
1649 1.29944e+07
1650 1.29944e+07
1651 1.29945e+07
1652 1.29945e+07
1653 1.29945e+07
1654 1.29946e+07
1655 1.29946e+07
1656 1.29947e+07
1657 1.29947e+07
1658 1.29948e+07
1659 1.29948e+07
1660 1.29948e+07
1661 1.29949e+07
1662 1.29949e+07
1663 1.2995e+07
1664 1.2995e+07
1665 1.2995e+07
1666 1.29951e+07
1667 1.29951e+07
1668 1.29952e+07
1669 1.29952e+07
1670 1.29952e+07
1671 1.29953e+07
1672 1.29953e+07
1673 1.29954e+07
1674 1.29954e+07
1675 1.29954e+07
1676 1.29955e+07
1677 1.29955e+07
1678 1.29956e+07
1679 1.29956e+07
1680 1.29956e+07
1681 1.29957e+07
1682 1.29957e+07
1683 1.29958e+07
1684 1.29958e+07
1685 1.29958e+07
1686 1.29959e+07
1687 1.29959e+07
1688 1.29959e+07
1689 1.2996e+07
1690 1.2996e+07
1691 1.29961e+07
1692 1.29961e+07
1693 1.29961e+07
1694 1.29962e+07
1695 1.29962e+07
1696 1.29962e+07
1697 1.29963e+07
1698 1.29963e+07
1699 1.29964e+07
1700 1.29964e+07
1701 1.29964e+07
1702 1.29965e+07
1703 1.29965e+07
1704 1.29965e+07
1705 1.29966e+07
1706 1.29966e+07
1707 1.29967e+07
1708 1.29967e+07
1709 1.29967e+07
1710 1.29968e+07
1711 1.29968e+07
1712 1.29968e+07
1713 1.29969e+07
1714 1.29969e+07
1715 1.29969e+07
1716 1.2997e+07
1717 1.2997e+07
1718 1.2997e+07
1719 1.29971e+07
1720 1.29971e+07
1721 1.29972e+07
1722 1.29972e+07
1723 1.29972e+07
1724 1.29973e+07
1725 1.29973e+07
1726 1.29973e+07
1727 1.29974e+07
1728 1.29974e+07
1729 1.29974e+07
1730 1.29975e+07
1731 1.29975e+07
1732 1.29975e+07
1733 1.29976e+07
1734 1.29976e+07
1735 1.29976e+07
1736 1.29977e+07
1737 1.29977e+07
1738 1.29977e+07
1739 1.29978e+07
1740 1.29978e+07
1741 1.29978e+07
1742 1.29979e+07
1743 1.29979e+07
1744 1.29979e+07
1745 1.2998e+07
1746 1.2998e+07
1747 1.2998e+07
1748 1.29981e+07
1749 1.29981e+07
1750 1.29981e+07
1751 1.29982e+07
1752 1.29982e+07
1753 1.29982e+07
1754 1.29983e+07
1755 1.29983e+07
1756 1.29983e+07
1757 1.29984e+07
1758 1.29984e+07
1759 1.29984e+07
1760 1.29985e+07
1761 1.29985e+07
1762 1.29985e+07
1763 1.29985e+07
1764 1.29986e+07
1765 1.29986e+07
1766 1.29986e+07
1767 1.29987e+07
1768 1.29987e+07
1769 1.29987e+07
1770 1.29988e+07
1771 1.29988e+07
1772 1.29988e+07
1773 1.29989e+07
1774 1.29989e+07
1775 1.29989e+07
1776 1.29989e+07
1777 1.2999e+07
1778 1.2999e+07
1779 1.2999e+07
1780 1.29991e+07
1781 1.29991e+07
1782 1.29991e+07
1783 1.29992e+07
1784 1.29992e+07
1785 1.29992e+07
1786 1.29992e+07
1787 1.29993e+07
1788 1.29993e+07
1789 1.29993e+07
1790 1.29994e+07
1791 1.29994e+07
1792 1.29994e+07
1793 1.29994e+07
1794 1.29995e+07
1795 1.29995e+07
1796 1.29995e+07
1797 1.29996e+07
1798 1.29996e+07
1799 1.29996e+07
1800 1.29996e+07
1801 1.29997e+07
1802 1.29997e+07
1803 1.29997e+07
1804 1.29998e+07
1805 1.29998e+07
1806 1.29998e+07
1807 1.29998e+07
1808 1.29999e+07
1809 1.29999e+07
1810 1.29999e+07
1811 1.29999e+07
1812 1.3e+07
1813 1.3e+07
1814 1.3e+07
1815 1.30001e+07
1816 1.30001e+07
1817 1.30001e+07
1818 1.30001e+07
1819 1.30002e+07
1820 1.30002e+07
1821 1.30002e+07
1822 1.30002e+07
1823 1.30003e+07
1824 1.30003e+07
1825 1.30003e+07
1826 1.30003e+07
1827 1.30004e+07
1828 1.30004e+07
1829 1.30004e+07
1830 1.30004e+07
1831 1.30005e+07
1832 1.30005e+07
1833 1.30005e+07
1834 1.30005e+07
1835 1.30006e+07
1836 1.30006e+07
1837 1.30006e+07
1838 1.30006e+07
1839 1.30007e+07
1840 1.30007e+07
1841 1.30007e+07
1842 1.30007e+07
1843 1.30008e+07
1844 1.30008e+07
1845 1.30008e+07
1846 1.30008e+07
1847 1.30009e+07
1848 1.30009e+07
1849 1.30009e+07
1850 1.30009e+07
1851 1.3001e+07
1852 1.3001e+07
1853 1.3001e+07
1854 1.3001e+07
1855 1.30011e+07
1856 1.30011e+07
1857 1.30011e+07
1858 1.30011e+07
1859 1.30012e+07
1860 1.30012e+07
1861 1.30012e+07
1862 1.30012e+07
1863 1.30012e+07
1864 1.30013e+07
1865 1.30013e+07
1866 1.30013e+07
1867 1.30013e+07
1868 1.30014e+07
1869 1.30014e+07
1870 1.30014e+07
1871 1.30014e+07
1872 1.30014e+07
1873 1.30015e+07
1874 1.30015e+07
1875 1.30015e+07
1876 1.30015e+07
1877 1.30016e+07
1878 1.30016e+07
1879 1.30016e+07
1880 1.30016e+07
1881 1.30016e+07
1882 1.30017e+07
1883 1.30017e+07
1884 1.30017e+07
1885 1.30017e+07
1886 1.30018e+07
1887 1.30018e+07
1888 1.30018e+07
1889 1.30018e+07
1890 1.30018e+07
1891 1.30019e+07
1892 1.30019e+07
1893 1.30019e+07
1894 1.30019e+07
1895 1.30019e+07
1896 1.3002e+07
1897 1.3002e+07
1898 1.3002e+07
1899 1.3002e+07
1900 1.3002e+07
1901 1.30021e+07
1902 1.30021e+07
1903 1.30021e+07
1904 1.30021e+07
1905 1.30022e+07
1906 1.30022e+07
1907 1.30022e+07
1908 1.30022e+07
1909 1.30022e+07
1910 1.30022e+07
1911 1.30023e+07
1912 1.30023e+07
1913 1.30023e+07
1914 1.30023e+07
1915 1.30023e+07
1916 1.30024e+07
1917 1.30024e+07
1918 1.30024e+07
1919 1.30024e+07
1920 1.30024e+07
1921 1.30025e+07
1922 1.30025e+07
1923 1.30025e+07
1924 1.30025e+07
1925 1.30025e+07
1926 1.30026e+07
1927 1.30026e+07
1928 1.30026e+07
1929 1.30026e+07
1930 1.30026e+07
1931 1.30027e+07
1932 1.30027e+07
1933 1.30027e+07
1934 1.30027e+07
1935 1.30027e+07
1936 1.30027e+07
1937 1.30028e+07
1938 1.30028e+07
1939 1.30028e+07
1940 1.30028e+07
1941 1.30028e+07
1942 1.30029e+07
1943 1.30029e+07
1944 1.30029e+07
1945 1.30029e+07
1946 1.30029e+07
1947 1.30029e+07
1948 1.3003e+07
1949 1.3003e+07
1950 1.3003e+07
1951 1.3003e+07
1952 1.3003e+07
1953 1.3003e+07
1954 1.30031e+07
1955 1.30031e+07
1956 1.30031e+07
1957 1.30031e+07
1958 1.30031e+07
1959 1.30031e+07
1960 1.30032e+07
1961 1.30032e+07
1962 1.30032e+07
1963 1.30032e+07
1964 1.30032e+07
1965 1.30032e+07
1966 1.30033e+07
1967 1.30033e+07
1968 1.30033e+07
1969 1.30033e+07
1970 1.30033e+07
1971 1.30033e+07
1972 1.30034e+07
1973 1.30034e+07
1974 1.30034e+07
1975 1.30034e+07
1976 1.30034e+07
1977 1.30034e+07
1978 1.30035e+07
1979 1.30035e+07
1980 1.30035e+07
1981 1.30035e+07
1982 1.30035e+07
1983 1.30035e+07
1984 1.30036e+07
1985 1.30036e+07
1986 1.30036e+07
1987 1.30036e+07
1988 1.30036e+07
1989 1.30036e+07
1990 1.30036e+07
1991 1.30037e+07
1992 1.30037e+07
1993 1.30037e+07
1994 1.30037e+07
1995 1.30037e+07
1996 1.30037e+07
1997 1.30037e+07
1998 1.30038e+07
1999 1.30038e+07
2000 1.30038e+07
2001 1.30038e+07
2002 1.30038e+07
2003 1.30038e+07
2004 1.30039e+07
2005 1.30039e+07
2006 1.30039e+07
2007 1.30039e+07
2008 1.30039e+07
2009 1.30039e+07
2010 1.30039e+07
2011 1.3004e+07
2012 1.3004e+07
2013 1.3004e+07
2014 1.3004e+07
2015 1.3004e+07
2016 1.3004e+07
2017 1.3004e+07
2018 1.3004e+07
2019 1.30041e+07
2020 1.30041e+07
2021 1.30041e+07
2022 1.30041e+07
2023 1.30041e+07
2024 1.30041e+07
2025 1.30041e+07
2026 1.30042e+07
2027 1.30042e+07
2028 1.30042e+07
2029 1.30042e+07
2030 1.30042e+07
2031 1.30042e+07
2032 1.30042e+07
2033 1.30042e+07
2034 1.30043e+07
2035 1.30043e+07
2036 1.30043e+07
2037 1.30043e+07
2038 1.30043e+07
2039 1.30043e+07
2040 1.30043e+07
2041 1.30044e+07
2042 1.30044e+07
2043 1.30044e+07
2044 1.30044e+07
2045 1.30044e+07
2046 1.30044e+07
2047 1.30044e+07
2048 1.30044e+07
2049 1.30045e+07
2050 1.30045e+07
2051 1.30045e+07
2052 1.30045e+07
2053 1.30045e+07
2054 1.30045e+07
2055 1.30045e+07
2056 1.30045e+07
2057 1.30046e+07
2058 1.30046e+07
2059 1.30046e+07
2060 1.30046e+07
2061 1.30046e+07
2062 1.30046e+07
2063 1.30046e+07
2064 1.30046e+07
2065 1.30046e+07
2066 1.30047e+07
2067 1.30047e+07
2068 1.30047e+07
2069 1.30047e+07
2070 1.30047e+07
2071 1.30047e+07
2072 1.30047e+07
2073 1.30047e+07
2074 1.30047e+07
2075 1.30048e+07
2076 1.30048e+07
2077 1.30048e+07
2078 1.30048e+07
2079 1.30048e+07
2080 1.30048e+07
2081 1.30048e+07
2082 1.30048e+07
2083 1.30049e+07
2084 1.30049e+07
2085 1.30049e+07
2086 1.30049e+07
2087 1.30049e+07
2088 1.30049e+07
2089 1.30049e+07
2090 1.30049e+07
2091 1.30049e+07
2092 1.30049e+07
2093 1.3005e+07
2094 1.3005e+07
2095 1.3005e+07
2096 1.3005e+07
2097 1.3005e+07
2098 1.3005e+07
2099 1.3005e+07
2100 1.3005e+07
2101 1.3005e+07
2102 1.30051e+07
2103 1.30051e+07
2104 1.30051e+07
2105 1.30051e+07
2106 1.30051e+07
2107 1.30051e+07
2108 1.30051e+07
2109 1.30051e+07
2110 1.30051e+07
2111 1.30051e+07
2112 1.30052e+07
2113 1.30052e+07
2114 1.30052e+07
2115 1.30052e+07
2116 1.30052e+07
2117 1.30052e+07
2118 1.30052e+07
2119 1.30052e+07
2120 1.30052e+07
2121 1.30052e+07
2122 1.30053e+07
2123 1.30053e+07
2124 1.30053e+07
2125 1.30053e+07
2126 1.30053e+07
2127 1.30053e+07
2128 1.30053e+07
2129 1.30053e+07
2130 1.30053e+07
2131 1.30053e+07
2132 1.30053e+07
2133 1.30054e+07
2134 1.30054e+07
2135 1.30054e+07
2136 1.30054e+07
2137 1.30054e+07
2138 1.30054e+07
2139 1.30054e+07
2140 1.30054e+07
2141 1.30054e+07
2142 1.30054e+07
2143 1.30054e+07
2144 1.30055e+07
2145 1.30055e+07
2146 1.30055e+07
2147 1.30055e+07
2148 1.30055e+07
2149 1.30055e+07
2150 1.30055e+07
2151 1.30055e+07
2152 1.30055e+07
2153 1.30055e+07
2154 1.30055e+07
2155 1.30056e+07
2156 1.30056e+07
2157 1.30056e+07
2158 1.30056e+07
2159 1.30056e+07
2160 1.30056e+07
2161 1.30056e+07
2162 1.30056e+07
2163 1.30056e+07
2164 1.30056e+07
2165 1.30056e+07
2166 1.30056e+07
2167 1.30057e+07
2168 1.30057e+07
2169 1.30057e+07
2170 1.30057e+07
2171 1.30057e+07
2172 1.30057e+07
2173 1.30057e+07
2174 1.30057e+07
2175 1.30057e+07
2176 1.30057e+07
2177 1.30057e+07
2178 1.30057e+07
2179 1.30057e+07
2180 1.30058e+07
2181 1.30058e+07
2182 1.30058e+07
2183 1.30058e+07
2184 1.30058e+07
2185 1.30058e+07
2186 1.30058e+07
2187 1.30058e+07
2188 1.30058e+07
2189 1.30058e+07
2190 1.30058e+07
2191 1.30058e+07
2192 1.30058e+07
2193 1.30059e+07
2194 1.30059e+07
2195 1.30059e+07
2196 1.30059e+07
2197 1.30059e+07
2198 1.30059e+07
2199 1.30059e+07
2200 1.30059e+07
2201 1.30059e+07
2202 1.30059e+07
2203 1.30059e+07
2204 1.30059e+07
2205 1.30059e+07
2206 1.30059e+07
2207 1.3006e+07
2208 1.3006e+07
2209 1.3006e+07
2210 1.3006e+07
2211 1.3006e+07
2212 1.3006e+07
2213 1.3006e+07
2214 1.3006e+07
2215 1.3006e+07
2216 1.3006e+07
2217 1.3006e+07
2218 1.3006e+07
2219 1.3006e+07
2220 1.3006e+07
2221 1.30061e+07
2222 1.30061e+07
2223 1.30061e+07
2224 1.30061e+07
2225 1.30061e+07
2226 1.30061e+07
2227 1.30061e+07
2228 1.30061e+07
2229 1.30061e+07
2230 1.30061e+07
2231 1.30061e+07
2232 1.30061e+07
2233 1.30061e+07
2234 1.30061e+07
2235 1.30061e+07
2236 1.30061e+07
2237 1.30062e+07
2238 1.30062e+07
2239 1.30062e+07
2240 1.30062e+07
2241 1.30062e+07
2242 1.30062e+07
2243 1.30062e+07
2244 1.30062e+07
2245 1.30062e+07
2246 1.30062e+07
2247 1.30062e+07
2248 1.30062e+07
2249 1.30062e+07
2250 1.30062e+07
2251 1.30062e+07
2252 1.30062e+07
2253 1.30063e+07
2254 1.30063e+07
2255 1.30063e+07
2256 1.30063e+07
2257 1.30063e+07
2258 1.30063e+07
2259 1.30063e+07
2260 1.30063e+07
2261 1.30063e+07
2262 1.30063e+07
2263 1.30063e+07
2264 1.30063e+07
2265 1.30063e+07
2266 1.30063e+07
2267 1.30063e+07
2268 1.30063e+07
2269 1.30063e+07
2270 1.30064e+07
2271 1.30064e+07
2272 1.30064e+07
2273 1.30064e+07
2274 1.30064e+07
2275 1.30064e+07
2276 1.30064e+07
2277 1.30064e+07
2278 1.30064e+07
2279 1.30064e+07
2280 1.30064e+07
2281 1.30064e+07
2282 1.30064e+07
2283 1.30064e+07
2284 1.30064e+07
2285 1.30064e+07
2286 1.30064e+07
2287 1.30064e+07
2288 1.30065e+07
2289 1.30065e+07
2290 1.30065e+07
2291 1.30065e+07
2292 1.30065e+07
2293 1.30065e+07
2294 1.30065e+07
2295 1.30065e+07
2296 1.30065e+07
2297 1.30065e+07
2298 1.30065e+07
2299 1.30065e+07
2300 1.30065e+07
2301 1.30065e+07
2302 1.30065e+07
2303 1.30065e+07
2304 1.30065e+07
2305 1.30065e+07
2306 1.30065e+07
2307 1.30065e+07
2308 1.30066e+07
2309 1.30066e+07
2310 1.30066e+07
2311 1.30066e+07
2312 1.30066e+07
2313 1.30066e+07
2314 1.30066e+07
2315 1.30066e+07
2316 1.30066e+07
2317 1.30066e+07
2318 1.30066e+07
2319 1.30066e+07
2320 1.30066e+07
2321 1.30066e+07
2322 1.30066e+07
2323 1.30066e+07
2324 1.30066e+07
2325 1.30066e+07
2326 1.30066e+07
2327 1.30066e+07
2328 1.30066e+07
2329 1.30067e+07
2330 1.30067e+07
2331 1.30067e+07
2332 1.30067e+07
2333 1.30067e+07
2334 1.30067e+07
2335 1.30067e+07
2336 1.30067e+07
2337 1.30067e+07
2338 1.30067e+07
2339 1.30067e+07
2340 1.30067e+07
2341 1.30067e+07
2342 1.30067e+07
2343 1.30067e+07
2344 1.30067e+07
2345 1.30067e+07
2346 1.30067e+07
2347 1.30067e+07
2348 1.30067e+07
2349 1.30067e+07
2350 1.30067e+07
2351 1.30067e+07
2352 1.30068e+07
2353 1.30068e+07
2354 1.30068e+07
2355 1.30068e+07
2356 1.30068e+07
2357 1.30068e+07
2358 1.30068e+07
2359 1.30068e+07
2360 1.30068e+07
2361 1.30068e+07
2362 1.30068e+07
2363 1.30068e+07
2364 1.30068e+07
2365 1.30068e+07
2366 1.30068e+07
2367 1.30068e+07
2368 1.30068e+07
2369 1.30068e+07
2370 1.30068e+07
2371 1.30068e+07
2372 1.30068e+07
2373 1.30068e+07
2374 1.30068e+07
2375 1.30068e+07
2376 1.30068e+07
2377 1.30069e+07
2378 1.30069e+07
2379 1.30069e+07
2380 1.30069e+07
2381 1.30069e+07
2382 1.30069e+07
2383 1.30069e+07
2384 1.30069e+07
2385 1.30069e+07
2386 1.30069e+07
2387 1.30069e+07
2388 1.30069e+07
2389 1.30069e+07
2390 1.30069e+07
2391 1.30069e+07
2392 1.30069e+07
2393 1.30069e+07
2394 1.30069e+07
2395 1.30069e+07
2396 1.30069e+07
2397 1.30069e+07
2398 1.30069e+07
2399 1.30069e+07
2400 1.30069e+07
2401 1.30069e+07
2402 1.30069e+07
2403 1.30069e+07
2404 1.30069e+07
2405 1.3007e+07
2406 1.3007e+07
2407 1.3007e+07
2408 1.3007e+07
2409 1.3007e+07
2410 1.3007e+07
2411 1.3007e+07
2412 1.3007e+07
2413 1.3007e+07
2414 1.3007e+07
2415 1.3007e+07
2416 1.3007e+07
2417 1.3007e+07
2418 1.3007e+07
2419 1.3007e+07
2420 1.3007e+07
2421 1.3007e+07
2422 1.3007e+07
2423 1.3007e+07
2424 1.3007e+07
2425 1.3007e+07
2426 1.3007e+07
2427 1.3007e+07
2428 1.3007e+07
2429 1.3007e+07
2430 1.3007e+07
2431 1.3007e+07
2432 1.3007e+07
2433 1.3007e+07
2434 1.3007e+07
2435 1.3007e+07
2436 1.30071e+07
2437 1.30071e+07
2438 1.30071e+07
2439 1.30071e+07
2440 1.30071e+07
2441 1.30071e+07
2442 1.30071e+07
2443 1.30071e+07
2444 1.30071e+07
2445 1.30071e+07
2446 1.30071e+07
2447 1.30071e+07
2448 1.30071e+07
2449 1.30071e+07
2450 1.30071e+07
2451 1.30071e+07
2452 1.30071e+07
2453 1.30071e+07
2454 1.30071e+07
2455 1.30071e+07
2456 1.30071e+07
2457 1.30071e+07
2458 1.30071e+07
2459 1.30071e+07
2460 1.30071e+07
2461 1.30071e+07
2462 1.30071e+07
2463 1.30071e+07
2464 1.30071e+07
2465 1.30071e+07
2466 1.30071e+07
2467 1.30071e+07
2468 1.30071e+07
2469 1.30071e+07
2470 1.30071e+07
2471 1.30072e+07
2472 1.30072e+07
2473 1.30072e+07
2474 1.30072e+07
2475 1.30072e+07
2476 1.30072e+07
2477 1.30072e+07
2478 1.30072e+07
2479 1.30072e+07
2480 1.30072e+07
2481 1.30072e+07
2482 1.30072e+07
2483 1.30072e+07
2484 1.30072e+07
2485 1.30072e+07
2486 1.30072e+07
2487 1.30072e+07
2488 1.30072e+07
2489 1.30072e+07
2490 1.30072e+07
2491 1.30072e+07
2492 1.30072e+07
2493 1.30072e+07
2494 1.30072e+07
2495 1.30072e+07
2496 1.30072e+07
2497 1.30072e+07
2498 1.30072e+07
2499 1.30072e+07
2500 1.30072e+07
2501 1.30072e+07
2502 1.30072e+07
2503 1.30072e+07
2504 1.30072e+07
2505 1.30072e+07
2506 1.30072e+07
2507 1.30072e+07
2508 1.30072e+07
2509 1.30072e+07
2510 1.30072e+07
2511 1.30073e+07
2512 1.30073e+07
2513 1.30073e+07
2514 1.30073e+07
2515 1.30073e+07
2516 1.30073e+07
2517 1.30073e+07
2518 1.30073e+07
2519 1.30073e+07
2520 1.30073e+07
2521 1.30073e+07
2522 1.30073e+07
2523 1.30073e+07
2524 1.30073e+07
2525 1.30073e+07
2526 1.30073e+07
2527 1.30073e+07
2528 1.30073e+07
2529 1.30073e+07
2530 1.30073e+07
2531 1.30073e+07
2532 1.30073e+07
2533 1.30073e+07
2534 1.30073e+07
2535 1.30073e+07
2536 1.30073e+07
2537 1.30073e+07
2538 1.30073e+07
2539 1.30073e+07
2540 1.30073e+07
2541 1.30073e+07
2542 1.30073e+07
2543 1.30073e+07
2544 1.30073e+07
2545 1.30073e+07
2546 1.30073e+07
2547 1.30073e+07
2548 1.30073e+07
2549 1.30073e+07
2550 1.30073e+07
2551 1.30073e+07
2552 1.30073e+07
2553 1.30073e+07
2554 1.30073e+07
2555 1.30073e+07
2556 1.30073e+07
2557 1.30073e+07
2558 1.30074e+07
2559 1.30074e+07
2560 1.30074e+07
2561 1.30074e+07
2562 1.30074e+07
2563 1.30074e+07
2564 1.30074e+07
2565 1.30074e+07
2566 1.30074e+07
2567 1.30074e+07
2568 1.30074e+07
2569 1.30074e+07
2570 1.30074e+07
2571 1.30074e+07
2572 1.30074e+07
2573 1.30074e+07
2574 1.30074e+07
2575 1.30074e+07
2576 1.30074e+07
2577 1.30074e+07
2578 1.30074e+07
2579 1.30074e+07
2580 1.30074e+07
2581 1.30074e+07
2582 1.30074e+07
2583 1.30074e+07
2584 1.30074e+07
2585 1.30074e+07
2586 1.30074e+07
2587 1.30074e+07
2588 1.30074e+07
2589 1.30074e+07
2590 1.30074e+07
2591 1.30074e+07
2592 1.30074e+07
2593 1.30074e+07
2594 1.30074e+07
2595 1.30074e+07
2596 1.30074e+07
2597 1.30074e+07
2598 1.30074e+07
2599 1.30074e+07
2600 1.30074e+07
2601 1.30074e+07
2602 1.30074e+07
2603 1.30074e+07
2604 1.30074e+07
2605 1.30074e+07
2606 1.30074e+07
2607 1.30074e+07
2608 1.30074e+07
2609 1.30074e+07
2610 1.30074e+07
2611 1.30074e+07
2612 1.30074e+07
2613 1.30074e+07
2614 1.30074e+07
2615 1.30075e+07
2616 1.30075e+07
2617 1.30075e+07
2618 1.30075e+07
2619 1.30075e+07
2620 1.30075e+07
2621 1.30075e+07
2622 1.30075e+07
2623 1.30075e+07
2624 1.30075e+07
2625 1.30075e+07
2626 1.30075e+07
2627 1.30075e+07
2628 1.30075e+07
2629 1.30075e+07
2630 1.30075e+07
2631 1.30075e+07
2632 1.30075e+07
2633 1.30075e+07
2634 1.30075e+07
2635 1.30075e+07
2636 1.30075e+07
2637 1.30075e+07
2638 1.30075e+07
2639 1.30075e+07
2640 1.30075e+07
2641 1.30075e+07
2642 1.30075e+07
2643 1.30075e+07
2644 1.30075e+07
2645 1.30075e+07
2646 1.30075e+07
2647 1.30075e+07
2648 1.30075e+07
2649 1.30075e+07
2650 1.30075e+07
2651 1.30075e+07
2652 1.30075e+07
2653 1.30075e+07
2654 1.30075e+07
2655 1.30075e+07
2656 1.30075e+07
2657 1.30075e+07
2658 1.30075e+07
2659 1.30075e+07
2660 1.30075e+07
2661 1.30075e+07
2662 1.30075e+07
2663 1.30075e+07
2664 1.30075e+07
2665 1.30075e+07
2666 1.30075e+07
2667 1.30075e+07
2668 1.30075e+07
2669 1.30075e+07
2670 1.30075e+07
2671 1.30075e+07
2672 1.30075e+07
2673 1.30075e+07
2674 1.30075e+07
2675 1.30075e+07
2676 1.30075e+07
2677 1.30075e+07
2678 1.30075e+07
2679 1.30075e+07
2680 1.30075e+07
2681 1.30075e+07
2682 1.30075e+07
2683 1.30075e+07
2684 1.30075e+07
2685 1.30075e+07
2686 1.30075e+07
2687 1.30075e+07
2688 1.30076e+07
2689 1.30076e+07
2690 1.30076e+07
2691 1.30076e+07
2692 1.30076e+07
2693 1.30076e+07
2694 1.30076e+07
2695 1.30076e+07
2696 1.30076e+07
2697 1.30076e+07
2698 1.30076e+07
2699 1.30076e+07
2700 1.30076e+07
2701 1.30076e+07
2702 1.30076e+07
2703 1.30076e+07
2704 1.30076e+07
2705 1.30076e+07
2706 1.30076e+07
2707 1.30076e+07
2708 1.30076e+07
2709 1.30076e+07
2710 1.30076e+07
2711 1.30076e+07
2712 1.30076e+07
2713 1.30076e+07
2714 1.30076e+07
2715 1.30076e+07
2716 1.30076e+07
2717 1.30076e+07
2718 1.30076e+07
2719 1.30076e+07
2720 1.30076e+07
2721 1.30076e+07
2722 1.30076e+07
2723 1.30076e+07
2724 1.30076e+07
2725 1.30076e+07
2726 1.30076e+07
2727 1.30076e+07
2728 1.30076e+07
2729 1.30076e+07
2730 1.30076e+07
2731 1.30076e+07
2732 1.30076e+07
2733 1.30076e+07
2734 1.30076e+07
2735 1.30076e+07
2736 1.30076e+07
2737 1.30076e+07
2738 1.30076e+07
2739 1.30076e+07
2740 1.30076e+07
2741 1.30076e+07
2742 1.30076e+07
2743 1.30076e+07
2744 1.30076e+07
2745 1.30076e+07
2746 1.30076e+07
2747 1.30076e+07
2748 1.30076e+07
2749 1.30076e+07
2750 1.30076e+07
2751 1.30076e+07
2752 1.30076e+07
2753 1.30076e+07
2754 1.30076e+07
2755 1.30076e+07
2756 1.30076e+07
2757 1.30076e+07
2758 1.30076e+07
2759 1.30076e+07
2760 1.30076e+07
2761 1.30076e+07
2762 1.30076e+07
2763 1.30076e+07
2764 1.30076e+07
2765 1.30076e+07
2766 1.30076e+07
2767 1.30076e+07
2768 1.30076e+07
2769 1.30076e+07
2770 1.30076e+07
2771 1.30076e+07
2772 1.30076e+07
2773 1.30076e+07
2774 1.30076e+07
2775 1.30076e+07
2776 1.30076e+07
2777 1.30076e+07
2778 1.30076e+07
2779 1.30076e+07
2780 1.30076e+07
2781 1.30076e+07
2782 1.30076e+07
2783 1.30076e+07
2784 1.30076e+07
2785 1.30076e+07
2786 1.30076e+07
2787 1.30076e+07
2788 1.30077e+07
2789 1.30077e+07
2790 1.30077e+07
2791 1.30077e+07
2792 1.30077e+07
2793 1.30077e+07
2794 1.30077e+07
2795 1.30077e+07
2796 1.30077e+07
2797 1.30077e+07
2798 1.30077e+07
2799 1.30077e+07
2800 1.30077e+07
2801 1.30077e+07
2802 1.30077e+07
2803 1.30077e+07
2804 1.30077e+07
2805 1.30077e+07
2806 1.30077e+07
2807 1.30077e+07
2808 1.30077e+07
2809 1.30077e+07
2810 1.30077e+07
2811 1.30077e+07
2812 1.30077e+07
2813 1.30077e+07
2814 1.30077e+07
2815 1.30077e+07
2816 1.30077e+07
2817 1.30077e+07
2818 1.30077e+07
2819 1.30077e+07
2820 1.30077e+07
2821 1.30077e+07
2822 1.30077e+07
2823 1.30077e+07
2824 1.30077e+07
2825 1.30077e+07
2826 1.30077e+07
2827 1.30077e+07
2828 1.30077e+07
2829 1.30077e+07
2830 1.30077e+07
2831 1.30077e+07
2832 1.30077e+07
2833 1.30077e+07
2834 1.30077e+07
2835 1.30077e+07
2836 1.30077e+07
2837 1.30077e+07
2838 1.30077e+07
2839 1.30077e+07
2840 1.30077e+07
2841 1.30077e+07
2842 1.30077e+07
2843 1.30077e+07
2844 1.30077e+07
2845 1.30077e+07
2846 1.30077e+07
2847 1.30077e+07
2848 1.30077e+07
2849 1.30077e+07
2850 1.30077e+07
2851 1.30077e+07
2852 1.30077e+07
2853 1.30077e+07
2854 1.30077e+07
2855 1.30077e+07
2856 1.30077e+07
2857 1.30077e+07
2858 1.30077e+07
2859 1.30077e+07
2860 1.30077e+07
2861 1.30077e+07
2862 1.30077e+07
2863 1.30077e+07
2864 1.30077e+07
2865 1.30077e+07
2866 1.30077e+07
2867 1.30077e+07
2868 1.30077e+07
2869 1.30077e+07
2870 1.30077e+07
2871 1.30077e+07
2872 1.30077e+07
2873 1.30077e+07
2874 1.30077e+07
2875 1.30077e+07
2876 1.30077e+07
2877 1.30077e+07
2878 1.30077e+07
2879 1.30077e+07
2880 1.30077e+07
2881 1.30077e+07
2882 1.30077e+07
2883 1.30077e+07
2884 1.30077e+07
2885 1.30077e+07
2886 1.30077e+07
2887 1.30077e+07
2888 1.30077e+07
2889 1.30077e+07
2890 1.30077e+07
2891 1.30077e+07
2892 1.30077e+07
2893 1.30077e+07
2894 1.30077e+07
2895 1.30077e+07
2896 1.30077e+07
2897 1.30077e+07
2898 1.30077e+07
2899 1.30077e+07
2900 1.30077e+07
2901 1.30077e+07
2902 1.30077e+07
2903 1.30077e+07
2904 1.30077e+07
2905 1.30077e+07
2906 1.30077e+07
2907 1.30077e+07
2908 1.30077e+07
2909 1.30077e+07
2910 1.30077e+07
2911 1.30077e+07
2912 1.30077e+07
2913 1.30077e+07
2914 1.30077e+07
2915 1.30077e+07
2916 1.30077e+07
2917 1.30077e+07
2918 1.30077e+07
2919 1.30077e+07
2920 1.30077e+07
2921 1.30077e+07
2922 1.30077e+07
2923 1.30077e+07
2924 1.30077e+07
2925 1.30077e+07
2926 1.30077e+07
2927 1.30077e+07
2928 1.30077e+07
2929 1.30077e+07
2930 1.30077e+07
2931 1.30077e+07
2932 1.30077e+07
2933 1.30077e+07
2934 1.30077e+07
2935 1.30077e+07
2936 1.30077e+07
2937 1.30077e+07
2938 1.30077e+07
2939 1.30077e+07
2940 1.30077e+07
2941 1.30077e+07
2942 1.30077e+07
2943 1.30077e+07
2944 1.30077e+07
2945 1.30077e+07
2946 1.30077e+07
2947 1.30077e+07
2948 1.30077e+07
2949 1.30077e+07
2950 1.30078e+07
2951 1.30078e+07
2952 1.30078e+07
2953 1.30078e+07
2954 1.30078e+07
2955 1.30078e+07
2956 1.30078e+07
2957 1.30078e+07
2958 1.30078e+07
2959 1.30078e+07
2960 1.30078e+07
2961 1.30078e+07
2962 1.30078e+07
2963 1.30078e+07
2964 1.30078e+07
2965 1.30078e+07
2966 1.30078e+07
2967 1.30078e+07
2968 1.30078e+07
2969 1.30078e+07
2970 1.30078e+07
2971 1.30078e+07
2972 1.30078e+07
2973 1.30078e+07
2974 1.30078e+07
2975 1.30078e+07
2976 1.30078e+07
2977 1.30078e+07
2978 1.30078e+07
2979 1.30078e+07
2980 1.30078e+07
2981 1.30078e+07
2982 1.30078e+07
2983 1.30078e+07
2984 1.30078e+07
2985 1.30078e+07
2986 1.30078e+07
2987 1.30078e+07
2988 1.30078e+07
2989 1.30078e+07
2990 1.30078e+07
2991 1.30078e+07
2992 1.30078e+07
2993 1.30078e+07
2994 1.30078e+07
2995 1.30078e+07
2996 1.30078e+07
2997 1.30078e+07
2998 1.30078e+07
2999 1.30078e+07
3000 1.30078e+07
3001 1.30078e+07
3002 1.30078e+07
3003 1.30078e+07
3004 1.30078e+07
3005 1.30078e+07
3006 1.30078e+07
3007 1.30078e+07
3008 1.30078e+07
3009 1.30078e+07
3010 1.30078e+07
3011 1.30078e+07
3012 1.30078e+07
3013 1.30078e+07
3014 1.30078e+07
3015 1.30078e+07
3016 1.30078e+07
3017 1.30078e+07
3018 1.30078e+07
3019 1.30078e+07
3020 1.30078e+07
3021 1.30078e+07
3022 1.30078e+07
3023 1.30078e+07
3024 1.30078e+07
3025 1.30078e+07
3026 1.30078e+07
3027 1.30078e+07
3028 1.30078e+07
3029 1.30078e+07
3030 1.30078e+07
3031 1.30078e+07
3032 1.30078e+07
3033 1.30078e+07
3034 1.30078e+07
3035 1.30078e+07
3036 1.30078e+07
3037 1.30078e+07
3038 1.30078e+07
3039 1.30078e+07
3040 1.30078e+07
3041 1.30078e+07
3042 1.30078e+07
3043 1.30078e+07
3044 1.30078e+07
3045 1.30078e+07
3046 1.30078e+07
3047 1.30078e+07
3048 1.30078e+07
3049 1.30078e+07
3050 1.30078e+07
3051 1.30078e+07
3052 1.30078e+07
3053 1.30078e+07
3054 1.30078e+07
3055 1.30078e+07
3056 1.30078e+07
3057 1.30078e+07
3058 1.30078e+07
3059 1.30078e+07
3060 1.30078e+07
3061 1.30078e+07
3062 1.30078e+07
3063 1.30078e+07
3064 1.30078e+07
3065 1.30078e+07
3066 1.30078e+07
3067 1.30078e+07
3068 1.30078e+07
3069 1.30078e+07
3070 1.30078e+07
3071 1.30078e+07
3072 1.30078e+07
3073 1.30078e+07
3074 1.30078e+07
3075 1.30078e+07
3076 1.30078e+07
3077 1.30078e+07
3078 1.30078e+07
3079 1.30078e+07
3080 1.30078e+07
3081 1.30078e+07
3082 1.30078e+07
3083 1.30078e+07
3084 1.30078e+07
3085 1.30078e+07
3086 1.30078e+07
3087 1.30078e+07
3088 1.30078e+07
3089 1.30078e+07
3090 1.30078e+07
3091 1.30078e+07
3092 1.30078e+07
3093 1.30078e+07
3094 1.30078e+07
3095 1.30078e+07
3096 1.30078e+07
3097 1.30078e+07
3098 1.30078e+07
3099 1.30078e+07
3100 1.30078e+07
3101 1.30078e+07
3102 1.30078e+07
3103 1.30078e+07
3104 1.30078e+07
3105 1.30078e+07
3106 1.30078e+07
3107 1.30078e+07
3108 1.30078e+07
3109 1.30078e+07
3110 1.30078e+07
3111 1.30078e+07
3112 1.30078e+07
3113 1.30078e+07
3114 1.30078e+07
3115 1.30078e+07
3116 1.30078e+07
3117 1.30078e+07
3118 1.30078e+07
3119 1.30078e+07
3120 1.30078e+07
3121 1.30078e+07
3122 1.30078e+07
3123 1.30078e+07
3124 1.30078e+07
3125 1.30078e+07
3126 1.30078e+07
3127 1.30078e+07
3128 1.30078e+07
3129 1.30078e+07
3130 1.30078e+07
3131 1.30078e+07
3132 1.30078e+07
3133 1.30078e+07
3134 1.30078e+07
3135 1.30078e+07
3136 1.30078e+07
3137 1.30078e+07
3138 1.30078e+07
3139 1.30078e+07
3140 1.30078e+07
3141 1.30078e+07
3142 1.30078e+07
3143 1.30078e+07
3144 1.30078e+07
3145 1.30078e+07
3146 1.30078e+07
3147 1.30078e+07
3148 1.30078e+07
3149 1.30078e+07
3150 1.30078e+07
3151 1.30078e+07
3152 1.30078e+07
3153 1.30078e+07
3154 1.30078e+07
3155 1.30078e+07
3156 1.30078e+07
3157 1.30078e+07
3158 1.30078e+07
3159 1.30078e+07
3160 1.30078e+07
3161 1.30078e+07
3162 1.30078e+07
3163 1.30078e+07
3164 1.30078e+07
3165 1.30078e+07
3166 1.30078e+07
3167 1.30078e+07
3168 1.30078e+07
3169 1.30078e+07
3170 1.30078e+07
3171 1.30078e+07
3172 1.30078e+07
3173 1.30078e+07
3174 1.30078e+07
3175 1.30078e+07
3176 1.30078e+07
3177 1.30078e+07
3178 1.30078e+07
3179 1.30078e+07
3180 1.30078e+07
3181 1.30078e+07
3182 1.30078e+07
3183 1.30078e+07
3184 1.30078e+07
3185 1.30078e+07
3186 1.30078e+07
3187 1.30078e+07
3188 1.30078e+07
3189 1.30078e+07
3190 1.30078e+07
3191 1.30078e+07
3192 1.30078e+07
3193 1.30078e+07
3194 1.30078e+07
3195 1.30078e+07
3196 1.30078e+07
3197 1.30078e+07
3198 1.30078e+07
3199 1.30078e+07
3200 1.30078e+07
3201 1.30078e+07
3202 1.30078e+07
3203 1.30078e+07
3204 1.30078e+07
3205 1.30078e+07
3206 1.30078e+07
3207 1.30078e+07
3208 1.30078e+07
3209 1.30078e+07
3210 1.30078e+07
3211 1.30078e+07
3212 1.30078e+07
3213 1.30078e+07
3214 1.30078e+07
3215 1.30078e+07
3216 1.30078e+07
3217 1.30078e+07
3218 1.30078e+07
3219 1.30078e+07
3220 1.30078e+07
3221 1.30078e+07
3222 1.30078e+07
3223 1.30078e+07
3224 1.30078e+07
3225 1.30078e+07
3226 1.30078e+07
3227 1.30078e+07
3228 1.30078e+07
3229 1.30078e+07
3230 1.30078e+07
3231 1.30078e+07
3232 1.30078e+07
3233 1.30078e+07
3234 1.30078e+07
3235 1.30078e+07
3236 1.30078e+07
3237 1.30078e+07
3238 1.30078e+07
3239 1.30078e+07
3240 1.30078e+07
3241 1.30078e+07
3242 1.30078e+07
3243 1.30078e+07
3244 1.30078e+07
3245 1.30078e+07
3246 1.30078e+07
3247 1.30078e+07
3248 1.30078e+07
3249 1.30078e+07
3250 1.30078e+07
3251 1.30078e+07
3252 1.30078e+07
3253 1.30078e+07
3254 1.30078e+07
3255 1.30078e+07
3256 1.30078e+07
3257 1.30078e+07
3258 1.30078e+07
3259 1.30078e+07
3260 1.30078e+07
3261 1.30078e+07
3262 1.30078e+07
3263 1.30078e+07
3264 1.30078e+07
3265 1.30078e+07
3266 1.30078e+07
3267 1.30078e+07
3268 1.30078e+07
3269 1.30078e+07
3270 1.30078e+07
3271 1.30078e+07
3272 1.30078e+07
3273 1.30078e+07
3274 1.30078e+07
3275 1.30078e+07
3276 1.30078e+07
3277 1.30078e+07
3278 1.30078e+07
3279 1.30078e+07
3280 1.30078e+07
3281 1.30078e+07
3282 1.30078e+07
3283 1.30078e+07
3284 1.30078e+07
3285 1.30078e+07
3286 1.30078e+07
3287 1.30078e+07
3288 1.30078e+07
3289 1.30078e+07
3290 1.30078e+07
3291 1.30078e+07
3292 1.30078e+07
3293 1.30078e+07
3294 1.30078e+07
3295 1.30078e+07
3296 1.30078e+07
3297 1.30078e+07
3298 1.30078e+07
3299 1.30078e+07
3300 1.30078e+07
3301 1.30078e+07
3302 1.30078e+07
3303 1.30078e+07
3304 1.30078e+07
3305 1.30078e+07
3306 1.30078e+07
3307 1.30078e+07
3308 1.30078e+07
3309 1.30078e+07
3310 1.30078e+07
3311 1.30078e+07
3312 1.30078e+07
3313 1.30078e+07
3314 1.30078e+07
3315 1.30078e+07
3316 1.30078e+07
3317 1.30078e+07
3318 1.30078e+07
3319 1.30078e+07
3320 1.30078e+07
3321 1.30078e+07
3322 1.30078e+07
3323 1.30078e+07
3324 1.30078e+07
3325 1.30078e+07
3326 1.30078e+07
3327 1.30078e+07
3328 1.30078e+07
3329 1.30078e+07
3330 1.30078e+07
3331 1.30078e+07
3332 1.30078e+07
3333 1.30078e+07
3334 1.30078e+07
3335 1.30078e+07
3336 1.30078e+07
3337 1.30078e+07
3338 1.30078e+07
3339 1.30078e+07
3340 1.30078e+07
3341 1.30078e+07
3342 1.30078e+07
3343 1.30078e+07
3344 1.30078e+07
3345 1.30078e+07
3346 1.30078e+07
3347 1.30078e+07
3348 1.30078e+07
3349 1.30078e+07
3350 1.30078e+07
3351 1.30078e+07
3352 1.30078e+07
3353 1.30078e+07
3354 1.30078e+07
3355 1.30078e+07
3356 1.30078e+07
3357 1.30078e+07
3358 1.30078e+07
3359 1.30078e+07
3360 1.30078e+07
3361 1.30078e+07
3362 1.30078e+07
3363 1.30078e+07
3364 1.30078e+07
3365 1.30078e+07
3366 1.30078e+07
3367 1.30078e+07
3368 1.30078e+07
3369 1.30078e+07
3370 1.30078e+07
3371 1.30078e+07
3372 1.30078e+07
3373 1.30078e+07
3374 1.30078e+07
3375 1.30078e+07
3376 1.30078e+07
3377 1.30078e+07
3378 1.30078e+07
3379 1.30078e+07
3380 1.30078e+07
3381 1.30078e+07
3382 1.30078e+07
3383 1.30078e+07
3384 1.30078e+07
3385 1.30078e+07
3386 1.30078e+07
3387 1.30078e+07
3388 1.30078e+07
3389 1.30078e+07
3390 1.30078e+07
3391 1.30078e+07
3392 1.30078e+07
3393 1.30078e+07
3394 1.30078e+07
3395 1.30078e+07
3396 1.30078e+07
3397 1.30078e+07
3398 1.30078e+07
3399 1.30078e+07
3400 1.30078e+07
3401 1.30078e+07
3402 1.30078e+07
3403 1.30078e+07
3404 1.30078e+07
3405 1.30078e+07
3406 1.30078e+07
3407 1.30078e+07
3408 1.30078e+07
3409 1.30078e+07
3410 1.30078e+07
3411 1.30078e+07
3412 1.30078e+07
3413 1.30078e+07
3414 1.30078e+07
3415 1.30078e+07
3416 1.30078e+07
3417 1.30078e+07
3418 1.30078e+07
3419 1.30078e+07
3420 1.30078e+07
3421 1.30078e+07
3422 1.30078e+07
3423 1.30078e+07
3424 1.30078e+07
3425 1.30078e+07
3426 1.30078e+07
3427 1.30078e+07
3428 1.30078e+07
3429 1.30079e+07
3430 1.30079e+07
3431 1.30079e+07
3432 1.30079e+07
3433 1.30079e+07
3434 1.30079e+07
3435 1.30079e+07
3436 1.30079e+07
3437 1.30079e+07
3438 1.30079e+07
3439 1.30079e+07
3440 1.30079e+07
3441 1.30079e+07
3442 1.30079e+07
3443 1.30079e+07
3444 1.30079e+07
3445 1.30079e+07
3446 1.30079e+07
3447 1.30079e+07
3448 1.30079e+07
3449 1.30079e+07
3450 1.30079e+07
3451 1.30079e+07
3452 1.30079e+07
3453 1.30079e+07
3454 1.30079e+07
3455 1.30079e+07
3456 1.30079e+07
3457 1.30079e+07
3458 1.30079e+07
3459 1.30079e+07
3460 1.30079e+07
3461 1.30079e+07
3462 1.30079e+07
3463 1.30079e+07
3464 1.30079e+07
3465 1.30079e+07
3466 1.30079e+07
3467 1.30079e+07
3468 1.30079e+07
3469 1.30079e+07
3470 1.30079e+07
3471 1.30079e+07
3472 1.30079e+07
3473 1.30079e+07
3474 1.30079e+07
3475 1.30079e+07
3476 1.30079e+07
3477 1.30079e+07
3478 1.30079e+07
3479 1.30079e+07
3480 1.30079e+07
3481 1.30079e+07
3482 1.30079e+07
3483 1.30079e+07
3484 1.30079e+07
3485 1.30079e+07
3486 1.30079e+07
3487 1.30079e+07
3488 1.30079e+07
3489 1.30079e+07
3490 1.30079e+07
3491 1.30079e+07
3492 1.30079e+07
3493 1.30079e+07
3494 1.30079e+07
3495 1.30079e+07
3496 1.30079e+07
3497 1.30079e+07
3498 1.30079e+07
3499 1.30079e+07
3500 1.30079e+07
3501 1.30079e+07
3502 1.30079e+07
3503 1.30079e+07
3504 1.30079e+07
3505 1.30079e+07
3506 1.30079e+07
3507 1.30079e+07
3508 1.30079e+07
3509 1.30079e+07
3510 1.30079e+07
3511 1.30079e+07
3512 1.30079e+07
3513 1.30079e+07
3514 1.30079e+07
3515 1.30079e+07
3516 1.30079e+07
3517 1.30079e+07
3518 1.30079e+07
3519 1.30079e+07
3520 1.30079e+07
3521 1.30079e+07
3522 1.30079e+07
3523 1.30079e+07
3524 1.30079e+07
3525 1.30079e+07
3526 1.30079e+07
3527 1.30079e+07
3528 1.30079e+07
3529 1.30079e+07
3530 1.30079e+07
3531 1.30079e+07
3532 1.30079e+07
3533 1.30079e+07
3534 1.30079e+07
3535 1.30079e+07
3536 1.30079e+07
3537 1.30079e+07
3538 1.30079e+07
3539 1.30079e+07
3540 1.30079e+07
3541 1.30079e+07
3542 1.30079e+07
3543 1.30079e+07
3544 1.30079e+07
3545 1.30079e+07
3546 1.30079e+07
3547 1.30079e+07
3548 1.30079e+07
3549 1.30079e+07
3550 1.30079e+07
3551 1.30079e+07
3552 1.30079e+07
3553 1.30079e+07
3554 1.30079e+07
3555 1.30079e+07
3556 1.30079e+07
3557 1.30079e+07
3558 1.30079e+07
3559 1.30079e+07
3560 1.30079e+07
3561 1.30079e+07
3562 1.30079e+07
3563 1.30079e+07
3564 1.30079e+07
3565 1.30079e+07
3566 1.30079e+07
3567 1.30079e+07
3568 1.30079e+07
3569 1.30079e+07
3570 1.30079e+07
3571 1.30079e+07
3572 1.30079e+07
3573 1.30079e+07
3574 1.30079e+07
3575 1.30079e+07
3576 1.30079e+07
3577 1.30079e+07
3578 1.30079e+07
3579 1.30079e+07
3580 1.30079e+07
3581 1.30079e+07
3582 1.30079e+07
3583 1.30079e+07
3584 1.30079e+07
3585 1.30079e+07
3586 1.30079e+07
3587 1.30079e+07
3588 1.30079e+07
3589 1.30079e+07
3590 1.30079e+07
3591 1.30079e+07
3592 1.30079e+07
3593 1.30079e+07
3594 1.30079e+07
3595 1.30079e+07
3596 1.30079e+07
3597 1.30079e+07
3598 1.30079e+07
3599 1.30079e+07
3600 1.30079e+07
3601 1.30079e+07
3602 1.30079e+07
3603 1.30079e+07
3604 1.30079e+07
3605 1.30079e+07
3606 1.30079e+07
3607 1.30079e+07
3608 1.30079e+07
3609 1.30079e+07
3610 1.30079e+07
3611 1.30079e+07
3612 1.30079e+07
3613 1.30079e+07
3614 1.30079e+07
3615 1.30079e+07
3616 1.30079e+07
3617 1.30079e+07
3618 1.30079e+07
3619 1.30079e+07
3620 1.30079e+07
3621 1.30079e+07
3622 1.30079e+07
3623 1.30079e+07
3624 1.30079e+07
3625 1.30079e+07
3626 1.30079e+07
3627 1.30079e+07
3628 1.30079e+07
3629 1.30079e+07
3630 1.30079e+07
3631 1.30079e+07
3632 1.30079e+07
3633 1.30079e+07
3634 1.30079e+07
3635 1.30079e+07
3636 1.30079e+07
3637 1.30079e+07
3638 1.30079e+07
3639 1.30079e+07
3640 1.30079e+07
3641 1.30079e+07
3642 1.30079e+07
3643 1.30079e+07
3644 1.30079e+07
3645 1.30079e+07
3646 1.30079e+07
3647 1.30079e+07
3648 1.30079e+07
3649 1.30079e+07
3650 1.30079e+07
3651 1.30079e+07
3652 1.30079e+07
3653 1.30079e+07
3654 1.30079e+07
3655 1.30079e+07
3656 1.30079e+07
3657 1.30079e+07
3658 1.30079e+07
3659 1.30079e+07
3660 1.30079e+07
3661 1.30079e+07
3662 1.30079e+07
3663 1.30079e+07
3664 1.30079e+07
3665 1.30079e+07
3666 1.30079e+07
3667 1.30079e+07
3668 1.30079e+07
3669 1.30079e+07
3670 1.30079e+07
3671 1.30079e+07
3672 1.30079e+07
3673 1.30079e+07
3674 1.30079e+07
3675 1.30079e+07
3676 1.30079e+07
3677 1.30079e+07
3678 1.30079e+07
3679 1.30079e+07
3680 1.30079e+07
3681 1.30079e+07
3682 1.30079e+07
3683 1.30079e+07
3684 1.30079e+07
3685 1.30079e+07
3686 1.30079e+07
3687 1.30079e+07
3688 1.30079e+07
3689 1.30079e+07
3690 1.30079e+07
3691 1.30079e+07
3692 1.30079e+07
3693 1.30079e+07
3694 1.30079e+07
3695 1.30079e+07
3696 1.30079e+07
3697 1.30079e+07
3698 1.30079e+07
3699 1.30079e+07
3700 1.30079e+07
3701 1.30079e+07
3702 1.30079e+07
3703 1.30079e+07
3704 1.30079e+07
3705 1.30079e+07
3706 1.30079e+07
3707 1.30079e+07
3708 1.30079e+07
3709 1.30079e+07
3710 1.30079e+07
3711 1.30079e+07
3712 1.30079e+07
3713 1.30079e+07
3714 1.30079e+07
3715 1.30079e+07
3716 1.30079e+07
3717 1.30079e+07
3718 1.30079e+07
3719 1.30079e+07
3720 1.30079e+07
3721 1.30079e+07
3722 1.30079e+07
3723 1.30079e+07
3724 1.30079e+07
3725 1.30079e+07
3726 1.30079e+07
3727 1.30079e+07
3728 1.30079e+07
3729 1.30079e+07
3730 1.30079e+07
3731 1.30079e+07
3732 1.30079e+07
3733 1.30079e+07
3734 1.30079e+07
3735 1.30079e+07
3736 1.30079e+07
3737 1.30079e+07
3738 1.30079e+07
3739 1.30079e+07
3740 1.30079e+07
3741 1.30079e+07
3742 1.30079e+07
3743 1.30079e+07
3744 1.30079e+07
3745 1.30079e+07
3746 1.30079e+07
3747 1.30079e+07
3748 1.30079e+07
3749 1.30079e+07
3750 1.30079e+07
3751 1.30079e+07
3752 1.30079e+07
3753 1.30079e+07
3754 1.30079e+07
3755 1.30079e+07
3756 1.30079e+07
3757 1.30079e+07
3758 1.30079e+07
3759 1.30079e+07
3760 1.30079e+07
3761 1.30079e+07
3762 1.30079e+07
3763 1.30079e+07
3764 1.30079e+07
3765 1.30079e+07
3766 1.30079e+07
3767 1.30079e+07
3768 1.30079e+07
3769 1.30079e+07
3770 1.30079e+07
3771 1.30079e+07
3772 1.30079e+07
3773 1.30079e+07
3774 1.30079e+07
3775 1.30079e+07
3776 1.30079e+07
3777 1.30079e+07
3778 1.30079e+07
3779 1.30079e+07
3780 1.30079e+07
3781 1.30079e+07
3782 1.30079e+07
3783 1.30079e+07
3784 1.30079e+07
3785 1.30079e+07
3786 1.30079e+07
3787 1.30079e+07
3788 1.30079e+07
3789 1.30079e+07
3790 1.30079e+07
3791 1.30079e+07
3792 1.30079e+07
3793 1.30079e+07
3794 1.30079e+07
3795 1.30079e+07
3796 1.30079e+07
3797 1.30079e+07
3798 1.30079e+07
3799 1.30079e+07
3800 1.30079e+07
3801 1.30079e+07
3802 1.30079e+07
3803 1.30079e+07
3804 1.30079e+07
3805 1.30079e+07
3806 1.30079e+07
3807 1.30079e+07
3808 1.30079e+07
3809 1.30079e+07
3810 1.30079e+07
3811 1.30079e+07
3812 1.30079e+07
3813 1.30079e+07
3814 1.30079e+07
3815 1.30079e+07
3816 1.30079e+07
3817 1.30079e+07
3818 1.30079e+07
3819 1.30079e+07
3820 1.30079e+07
3821 1.30079e+07
3822 1.30079e+07
3823 1.30079e+07
3824 1.30079e+07
3825 1.30079e+07
3826 1.30079e+07
3827 1.30079e+07
3828 1.30079e+07
3829 1.30079e+07
3830 1.30079e+07
3831 1.30079e+07
3832 1.30079e+07
3833 1.30079e+07
3834 1.30079e+07
3835 1.30079e+07
3836 1.30079e+07
3837 1.30079e+07
3838 1.30079e+07
3839 1.30079e+07
3840 1.30079e+07
3841 1.30079e+07
3842 1.30079e+07
3843 1.30079e+07
3844 1.30079e+07
3845 1.30079e+07
3846 1.30079e+07
3847 1.30079e+07
3848 1.30079e+07
3849 1.30079e+07
3850 1.30079e+07
3851 1.30079e+07
3852 1.30079e+07
3853 1.30079e+07
3854 1.30079e+07
3855 1.30079e+07
3856 1.30079e+07
3857 1.30079e+07
3858 1.30079e+07
3859 1.30079e+07
3860 1.30079e+07
3861 1.30079e+07
3862 1.30079e+07
3863 1.30079e+07
3864 1.30079e+07
3865 1.30079e+07
3866 1.30079e+07
3867 1.30079e+07
3868 1.30079e+07
3869 1.30079e+07
3870 1.30079e+07
3871 1.30079e+07
3872 1.30079e+07
3873 1.30079e+07
3874 1.30079e+07
3875 1.30079e+07
3876 1.30079e+07
3877 1.30079e+07
3878 1.30079e+07
3879 1.30079e+07
3880 1.30079e+07
3881 1.30079e+07
3882 1.30079e+07
3883 1.30079e+07
3884 1.30079e+07
3885 1.30079e+07
3886 1.30079e+07
3887 1.30079e+07
3888 1.30079e+07
3889 1.30079e+07
3890 1.30079e+07
3891 1.30079e+07
3892 1.30079e+07
3893 1.30079e+07
3894 1.30079e+07
3895 1.30079e+07
3896 1.30079e+07
3897 1.30079e+07
3898 1.30079e+07
3899 1.30079e+07
3900 1.30079e+07
3901 1.30079e+07
3902 1.30079e+07
3903 1.30079e+07
3904 1.30079e+07
3905 1.30079e+07
3906 1.30079e+07
3907 1.30079e+07
3908 1.30079e+07
3909 1.30079e+07
3910 1.30079e+07
3911 1.30079e+07
3912 1.30079e+07
3913 1.30079e+07
3914 1.30079e+07
3915 1.30079e+07
3916 1.30079e+07
3917 1.30079e+07
3918 1.30079e+07
3919 1.30079e+07
3920 1.30079e+07
3921 1.30079e+07
3922 1.30079e+07
3923 1.30079e+07
3924 1.30079e+07
3925 1.30079e+07
3926 1.30079e+07
3927 1.30079e+07
3928 1.30079e+07
3929 1.30079e+07
3930 1.30079e+07
3931 1.30079e+07
3932 1.30079e+07
3933 1.30079e+07
3934 1.30079e+07
3935 1.30079e+07
3936 1.30079e+07
3937 1.30079e+07
3938 1.30079e+07
3939 1.30079e+07
3940 1.30079e+07
3941 1.30079e+07
3942 1.30079e+07
3943 1.30079e+07
3944 1.30079e+07
3945 1.30079e+07
3946 1.30079e+07
3947 1.30079e+07
3948 1.30079e+07
3949 1.30079e+07
3950 1.30079e+07
3951 1.30079e+07
3952 1.30079e+07
3953 1.30079e+07
3954 1.30079e+07
3955 1.30079e+07
3956 1.30079e+07
3957 1.30079e+07
3958 1.30079e+07
3959 1.30079e+07
3960 1.30079e+07
3961 1.30079e+07
3962 1.30079e+07
3963 1.30079e+07
3964 1.30079e+07
3965 1.30079e+07
3966 1.30079e+07
3967 1.30079e+07
3968 1.30079e+07
3969 1.30079e+07
3970 1.30079e+07
3971 1.30079e+07
3972 1.30079e+07
3973 1.30079e+07
3974 1.30079e+07
3975 1.30079e+07
3976 1.30079e+07
3977 1.30079e+07
3978 1.30079e+07
3979 1.30079e+07
3980 1.30079e+07
3981 1.30079e+07
3982 1.30079e+07
3983 1.30079e+07
3984 1.30079e+07
3985 1.30079e+07
3986 1.30079e+07
3987 1.30079e+07
3988 1.30079e+07
3989 1.30079e+07
3990 1.30079e+07
3991 1.30079e+07
3992 1.30079e+07
3993 1.30079e+07
3994 1.30079e+07
3995 1.30079e+07
3996 1.30079e+07
3997 1.30079e+07
3998 1.30079e+07
3999 1.30079e+07
4000 1.30079e+07
4001 1.30079e+07
4002 1.30079e+07
4003 1.30079e+07
4004 1.30079e+07
4005 1.30079e+07
4006 1.30079e+07
4007 1.30079e+07
4008 1.30079e+07
4009 1.30079e+07
4010 1.30079e+07
4011 1.30079e+07
4012 1.30079e+07
4013 1.30079e+07
4014 1.30079e+07
4015 1.30079e+07
4016 1.30079e+07
4017 1.30079e+07
4018 1.30079e+07
4019 1.30079e+07
4020 1.30079e+07
4021 1.30079e+07
4022 1.30079e+07
4023 1.30079e+07
4024 1.30079e+07
4025 1.30079e+07
4026 1.30079e+07
4027 1.30079e+07
4028 1.30079e+07
4029 1.30079e+07
4030 1.30079e+07
4031 1.30079e+07
4032 1.30079e+07
4033 1.30079e+07
4034 1.30079e+07
4035 1.30079e+07
4036 1.30079e+07
4037 1.30079e+07
4038 1.30079e+07
4039 1.30079e+07
4040 1.30079e+07
4041 1.30079e+07
4042 1.30079e+07
4043 1.30079e+07
4044 1.30079e+07
4045 1.30079e+07
4046 1.30079e+07
4047 1.30079e+07
4048 1.30079e+07
4049 1.30079e+07
4050 1.30079e+07
4051 1.30079e+07
4052 1.30079e+07
4053 1.30079e+07
4054 1.30079e+07
4055 1.30079e+07
4056 1.30079e+07
4057 1.30079e+07
4058 1.30079e+07
4059 1.30079e+07
4060 1.30079e+07
4061 1.30079e+07
4062 1.30079e+07
4063 1.30079e+07
4064 1.30079e+07
4065 1.30079e+07
4066 1.30079e+07
4067 1.30079e+07
4068 1.30079e+07
4069 1.30079e+07
4070 1.30079e+07
4071 1.30079e+07
4072 1.30079e+07
4073 1.30079e+07
4074 1.30079e+07
4075 1.30079e+07
4076 1.30079e+07
4077 1.30079e+07
4078 1.30079e+07
4079 1.30079e+07
4080 1.30079e+07
4081 1.30079e+07
4082 1.30079e+07
4083 1.30079e+07
4084 1.30079e+07
4085 1.30079e+07
4086 1.30079e+07
4087 1.30079e+07
4088 1.30079e+07
4089 1.30079e+07
4090 1.30079e+07
4091 1.30079e+07
4092 1.30079e+07
4093 1.30079e+07
4094 1.30079e+07
4095 1.30079e+07
4096 1.30079e+07
4097 1.30079e+07
4098 1.30079e+07
4099 1.30079e+07
4100 1.30079e+07
4101 1.30079e+07
4102 1.30079e+07
4103 1.30079e+07
4104 1.30079e+07
4105 1.30079e+07
4106 1.30079e+07
4107 1.30079e+07
4108 1.30079e+07
4109 1.30079e+07
4110 1.30079e+07
4111 1.30079e+07
4112 1.30079e+07
4113 1.30079e+07
4114 1.30079e+07
4115 1.30079e+07
4116 1.30079e+07
4117 1.30079e+07
4118 1.30079e+07
4119 1.30079e+07
4120 1.30079e+07
4121 1.30079e+07
4122 1.30079e+07
4123 1.30079e+07
4124 1.30079e+07
4125 1.30079e+07
4126 1.30079e+07
4127 1.30079e+07
4128 1.30079e+07
4129 1.30079e+07
4130 1.30079e+07
4131 1.30079e+07
4132 1.30079e+07
4133 1.30079e+07
4134 1.30079e+07
4135 1.30079e+07
4136 1.30079e+07
4137 1.30079e+07
4138 1.30079e+07
4139 1.30079e+07
4140 1.30079e+07
4141 1.30079e+07
4142 1.30079e+07
4143 1.30079e+07
4144 1.30079e+07
4145 1.30079e+07
4146 1.30079e+07
4147 1.30079e+07
4148 1.30079e+07
4149 1.30079e+07
4150 1.30079e+07
4151 1.30079e+07
4152 1.30079e+07
4153 1.30079e+07
4154 1.30079e+07
4155 1.30079e+07
4156 1.30079e+07
4157 1.30079e+07
4158 1.30079e+07
4159 1.30079e+07
4160 1.30079e+07
4161 1.30079e+07
4162 1.30079e+07
4163 1.30079e+07
4164 1.30079e+07
4165 1.30079e+07
4166 1.30079e+07
4167 1.30079e+07
4168 1.30079e+07
4169 1.30079e+07
4170 1.30079e+07
4171 1.30079e+07
4172 1.30079e+07
4173 1.30079e+07
4174 1.30079e+07
4175 1.30079e+07
4176 1.30079e+07
4177 1.30079e+07
4178 1.30079e+07
4179 1.30079e+07
4180 1.30079e+07
4181 1.30079e+07
4182 1.30079e+07
4183 1.30079e+07
4184 1.30079e+07
4185 1.30079e+07
4186 1.30079e+07
4187 1.30079e+07
4188 1.30079e+07
4189 1.30079e+07
4190 1.30079e+07
4191 1.30079e+07
4192 1.30079e+07
4193 1.30079e+07
4194 1.30079e+07
4195 1.30079e+07
4196 1.30079e+07
4197 1.30079e+07
4198 1.30079e+07
4199 1.30079e+07
4200 1.30079e+07
4201 1.30079e+07
4202 1.30079e+07
4203 1.30079e+07
4204 1.30079e+07
4205 1.30079e+07
4206 1.30079e+07
4207 1.30079e+07
4208 1.30079e+07
4209 1.30079e+07
4210 1.30079e+07
4211 1.30079e+07
4212 1.30079e+07
4213 1.30079e+07
4214 1.30079e+07
4215 1.30079e+07
4216 1.30079e+07
4217 1.30079e+07
4218 1.30079e+07
4219 1.30079e+07
4220 1.30079e+07
4221 1.30079e+07
4222 1.30079e+07
4223 1.30079e+07
4224 1.30079e+07
4225 1.30079e+07
4226 1.30079e+07
4227 1.30079e+07
4228 1.30079e+07
4229 1.30079e+07
4230 1.30079e+07
4231 1.30079e+07
4232 1.30079e+07
4233 1.30079e+07
4234 1.30079e+07
4235 1.30079e+07
4236 1.30079e+07
4237 1.30079e+07
4238 1.30079e+07
4239 1.30079e+07
4240 1.30079e+07
4241 1.30079e+07
4242 1.30079e+07
4243 1.30079e+07
4244 1.30079e+07
4245 1.30079e+07
4246 1.30079e+07
4247 1.30079e+07
4248 1.30079e+07
4249 1.30079e+07
4250 1.30079e+07
4251 1.30079e+07
4252 1.30079e+07
4253 1.30079e+07
4254 1.30079e+07
4255 1.30079e+07
4256 1.30079e+07
4257 1.30079e+07
4258 1.30079e+07
4259 1.30079e+07
4260 1.30079e+07
4261 1.30079e+07
4262 1.30079e+07
4263 1.30079e+07
4264 1.30079e+07
4265 1.30079e+07
4266 1.30079e+07
4267 1.30079e+07
4268 1.30079e+07
4269 1.30079e+07
4270 1.30079e+07
4271 1.30079e+07
4272 1.30079e+07
4273 1.30079e+07
4274 1.30079e+07
4275 1.30079e+07
4276 1.30079e+07
4277 1.30079e+07
4278 1.30079e+07
4279 1.30079e+07
4280 1.30079e+07
4281 1.30079e+07
4282 1.30079e+07
4283 1.30079e+07
4284 1.30079e+07
4285 1.30079e+07
4286 1.30079e+07
4287 1.30079e+07
4288 1.30079e+07
4289 1.30079e+07
4290 1.30079e+07
4291 1.30079e+07
4292 1.30079e+07
4293 1.30079e+07
4294 1.30079e+07
4295 1.30079e+07
4296 1.30079e+07
4297 1.30079e+07
4298 1.30079e+07
4299 1.30079e+07
4300 1.30079e+07
4301 1.30079e+07
4302 1.30079e+07
4303 1.30079e+07
4304 1.30079e+07
4305 1.30079e+07
4306 1.30079e+07
4307 1.30079e+07
4308 1.30079e+07
4309 1.30079e+07
4310 1.30079e+07
4311 1.30079e+07
4312 1.30079e+07
4313 1.30079e+07
4314 1.30079e+07
4315 1.30079e+07
4316 1.30079e+07
4317 1.30079e+07
4318 1.30079e+07
4319 1.30079e+07
4320 1.30079e+07
4321 1.30079e+07
4322 1.30079e+07
4323 1.30079e+07
4324 1.30079e+07
4325 1.30079e+07
4326 1.30079e+07
4327 1.30079e+07
4328 1.30079e+07
4329 1.30079e+07
4330 1.30079e+07
4331 1.30079e+07
4332 1.30079e+07
4333 1.30079e+07
4334 1.30079e+07
4335 1.30079e+07
4336 1.30079e+07
4337 1.30079e+07
4338 1.30079e+07
4339 1.30079e+07
4340 1.30079e+07
4341 1.30079e+07
4342 1.30079e+07
4343 1.30079e+07
4344 1.30079e+07
4345 1.30079e+07
4346 1.30079e+07
4347 1.30079e+07
4348 1.30079e+07
4349 1.30079e+07
4350 1.30079e+07
4351 1.30079e+07
4352 1.30079e+07
4353 1.30079e+07
4354 1.30079e+07
4355 1.30079e+07
4356 1.30079e+07
4357 1.30079e+07
4358 1.30079e+07
4359 1.30079e+07
4360 1.30079e+07
4361 1.30079e+07
4362 1.30079e+07
4363 1.30079e+07
4364 1.30079e+07
4365 1.30079e+07
4366 1.30079e+07
4367 1.30079e+07
4368 1.30079e+07
4369 1.30079e+07
4370 1.30079e+07
4371 1.30079e+07
4372 1.30079e+07
4373 1.30079e+07
4374 1.30079e+07
4375 1.30079e+07
4376 1.30079e+07
4377 1.30079e+07
4378 1.30079e+07
4379 1.30079e+07
4380 1.30079e+07
4381 1.30079e+07
4382 1.30079e+07
4383 1.30079e+07
4384 1.30079e+07
4385 1.30079e+07
4386 1.30079e+07
4387 1.30079e+07
4388 1.30079e+07
4389 1.30079e+07
4390 1.30079e+07
4391 1.30079e+07
4392 1.30079e+07
4393 1.30079e+07
4394 1.30079e+07
4395 1.30079e+07
4396 1.30079e+07
4397 1.30079e+07
4398 1.30079e+07
4399 1.30079e+07
4400 1.30079e+07
4401 1.30079e+07
4402 1.30079e+07
4403 1.30079e+07
4404 1.30079e+07
4405 1.30079e+07
4406 1.30079e+07
4407 1.30079e+07
4408 1.30079e+07
4409 1.30079e+07
4410 1.30079e+07
4411 1.30079e+07
4412 1.30079e+07
4413 1.30079e+07
4414 1.30079e+07
4415 1.30079e+07
4416 1.30079e+07
4417 1.30079e+07
4418 1.30079e+07
4419 1.30079e+07
4420 1.30079e+07
4421 1.30079e+07
4422 1.30079e+07
4423 1.30079e+07
4424 1.30079e+07
4425 1.30079e+07
4426 1.30079e+07
4427 1.30079e+07
4428 1.30079e+07
4429 1.30079e+07
4430 1.30079e+07
4431 1.30079e+07
4432 1.30079e+07
4433 1.30079e+07
4434 1.30079e+07
4435 1.30079e+07
4436 1.30079e+07
4437 1.30079e+07
4438 1.30079e+07
4439 1.30079e+07
4440 1.30079e+07
4441 1.30079e+07
4442 1.30079e+07
4443 1.30079e+07
4444 1.30079e+07
4445 1.30079e+07
4446 1.30079e+07
4447 1.30079e+07
4448 1.30079e+07
4449 1.30079e+07
4450 1.30079e+07
4451 1.30079e+07
4452 1.30079e+07
4453 1.30079e+07
4454 1.30079e+07
4455 1.30079e+07
4456 1.30079e+07
4457 1.30079e+07
4458 1.30079e+07
4459 1.30079e+07
4460 1.30079e+07
4461 1.30079e+07
4462 1.30079e+07
4463 1.30079e+07
4464 1.30079e+07
4465 1.30079e+07
4466 1.30079e+07
4467 1.30079e+07
4468 1.30079e+07
4469 1.30079e+07
4470 1.30079e+07
4471 1.30079e+07
4472 1.30079e+07
4473 1.30079e+07
4474 1.30079e+07
4475 1.30079e+07
4476 1.30079e+07
4477 1.30079e+07
4478 1.30079e+07
4479 1.30079e+07
4480 1.30079e+07
4481 1.30079e+07
4482 1.30079e+07
4483 1.30079e+07
4484 1.30079e+07
4485 1.30079e+07
4486 1.30079e+07
4487 1.30079e+07
4488 1.30079e+07
4489 1.30079e+07
4490 1.30079e+07
4491 1.30079e+07
4492 1.30079e+07
4493 1.30079e+07
4494 1.30079e+07
4495 1.30079e+07
4496 1.30079e+07
4497 1.30079e+07
4498 1.30079e+07
4499 1.30079e+07
4500 1.30079e+07
4501 1.30079e+07
4502 1.30079e+07
4503 1.30079e+07
4504 1.30079e+07
4505 1.30079e+07
4506 1.30079e+07
4507 1.30079e+07
4508 1.30079e+07
4509 1.30079e+07
4510 1.30079e+07
4511 1.30079e+07
4512 1.30079e+07
4513 1.30079e+07
4514 1.30079e+07
4515 1.30079e+07
4516 1.30079e+07
4517 1.30079e+07
4518 1.30079e+07
4519 1.30079e+07
4520 1.30079e+07
4521 1.30079e+07
4522 1.30079e+07
4523 1.30079e+07
4524 1.30079e+07
4525 1.30079e+07
4526 1.30079e+07
4527 1.30079e+07
4528 1.30079e+07
4529 1.30079e+07
4530 1.30079e+07
4531 1.30079e+07
4532 1.30079e+07
4533 1.30079e+07
4534 1.30079e+07
4535 1.30079e+07
4536 1.30079e+07
4537 1.30079e+07
4538 1.30079e+07
4539 1.30079e+07
4540 1.30079e+07
4541 1.30079e+07
4542 1.30079e+07
4543 1.30079e+07
4544 1.30079e+07
4545 1.30079e+07
4546 1.30079e+07
4547 1.30079e+07
4548 1.30079e+07
4549 1.30079e+07
4550 1.30079e+07
4551 1.30079e+07
4552 1.30079e+07
4553 1.30079e+07
4554 1.30079e+07
4555 1.30079e+07
4556 1.30079e+07
4557 1.30079e+07
4558 1.30079e+07
4559 1.30079e+07
4560 1.30079e+07
4561 1.30079e+07
4562 1.30079e+07
4563 1.30079e+07
4564 1.30079e+07
4565 1.30079e+07
4566 1.30079e+07
4567 1.30079e+07
4568 1.30079e+07
4569 1.30079e+07
4570 1.30079e+07
4571 1.30079e+07
4572 1.30079e+07
4573 1.30079e+07
4574 1.30079e+07
4575 1.30079e+07
4576 1.30079e+07
4577 1.30079e+07
4578 1.30079e+07
4579 1.30079e+07
4580 1.30079e+07
4581 1.30079e+07
4582 1.30079e+07
4583 1.30079e+07
4584 1.30079e+07
4585 1.30079e+07
4586 1.30079e+07
4587 1.30079e+07
4588 1.30079e+07
4589 1.30079e+07
4590 1.30079e+07
4591 1.30079e+07
4592 1.30079e+07
4593 1.30079e+07
4594 1.30079e+07
4595 1.30079e+07
4596 1.30079e+07
4597 1.30079e+07
4598 1.30079e+07
4599 1.30079e+07
4600 1.30079e+07
4601 1.30079e+07
4602 1.30079e+07
4603 1.30079e+07
4604 1.30079e+07
4605 1.30079e+07
4606 1.30079e+07
4607 1.30079e+07
4608 1.30079e+07
4609 1.30079e+07
4610 1.30079e+07
4611 1.30079e+07
4612 1.30079e+07
4613 1.30079e+07
4614 1.30079e+07
4615 1.30079e+07
4616 1.30079e+07
4617 1.30079e+07
4618 1.30079e+07
4619 1.30079e+07
4620 1.30079e+07
4621 1.30079e+07
4622 1.30079e+07
4623 1.30079e+07
4624 1.30079e+07
4625 1.30079e+07
4626 1.30079e+07
4627 1.30079e+07
4628 1.30079e+07
4629 1.30079e+07
4630 1.30079e+07
4631 1.30079e+07
4632 1.30079e+07
4633 1.30079e+07
4634 1.30079e+07
4635 1.30079e+07
4636 1.30079e+07
4637 1.30079e+07
4638 1.30079e+07
4639 1.30079e+07
4640 1.30079e+07
4641 1.30079e+07
4642 1.30079e+07
4643 1.30079e+07
4644 1.30079e+07
4645 1.30079e+07
4646 1.30079e+07
4647 1.30079e+07
4648 1.30079e+07
4649 1.30079e+07
4650 1.30079e+07
4651 1.30079e+07
4652 1.30079e+07
4653 1.30079e+07
4654 1.30079e+07
4655 1.30079e+07
4656 1.30079e+07
4657 1.30079e+07
4658 1.30079e+07
4659 1.30079e+07
4660 1.30079e+07
4661 1.30079e+07
4662 1.30079e+07
4663 1.30079e+07
4664 1.30079e+07
4665 1.30079e+07
4666 1.30079e+07
4667 1.30079e+07
4668 1.30079e+07
4669 1.30079e+07
4670 1.30079e+07
4671 1.30079e+07
4672 1.30079e+07
4673 1.30079e+07
4674 1.30079e+07
4675 1.30079e+07
4676 1.30079e+07
4677 1.30079e+07
4678 1.30079e+07
4679 1.30079e+07
4680 1.30079e+07
4681 1.30079e+07
4682 1.30079e+07
4683 1.30079e+07
4684 1.30079e+07
4685 1.30079e+07
4686 1.30079e+07
4687 1.30079e+07
4688 1.30079e+07
4689 1.30079e+07
4690 1.30079e+07
4691 1.30079e+07
4692 1.30079e+07
4693 1.30079e+07
4694 1.30079e+07
4695 1.30079e+07
4696 1.30079e+07
4697 1.30079e+07
4698 1.30079e+07
4699 1.30079e+07
4700 1.30079e+07
4701 1.30079e+07
4702 1.30079e+07
4703 1.30079e+07
4704 1.30079e+07
4705 1.30079e+07
4706 1.30079e+07
4707 1.30079e+07
4708 1.30079e+07
4709 1.30079e+07
4710 1.30079e+07
4711 1.30079e+07
4712 1.30079e+07
4713 1.30079e+07
4714 1.30079e+07
4715 1.30079e+07
4716 1.30079e+07
4717 1.30079e+07
4718 1.30079e+07
4719 1.30079e+07
4720 1.30079e+07
4721 1.30079e+07
4722 1.30079e+07
4723 1.30079e+07
4724 1.30079e+07
4725 1.30079e+07
4726 1.30079e+07
4727 1.30079e+07
4728 1.30079e+07
4729 1.30079e+07
4730 1.30079e+07
4731 1.30079e+07
4732 1.30079e+07
4733 1.30079e+07
4734 1.30079e+07
4735 1.30079e+07
4736 1.30079e+07
4737 1.30079e+07
4738 1.30079e+07
4739 1.30079e+07
4740 1.30079e+07
4741 1.30079e+07
4742 1.30079e+07
4743 1.30079e+07
4744 1.30079e+07
4745 1.30079e+07
4746 1.30079e+07
4747 1.30079e+07
4748 1.30079e+07
4749 1.30079e+07
4750 1.30079e+07
4751 1.30079e+07
4752 1.30079e+07
4753 1.30079e+07
4754 1.30079e+07
4755 1.30079e+07
4756 1.30079e+07
4757 1.30079e+07
4758 1.30079e+07
4759 1.30079e+07
4760 1.30079e+07
4761 1.30079e+07
4762 1.30079e+07
4763 1.30079e+07
4764 1.30079e+07
4765 1.30079e+07
4766 1.30079e+07
4767 1.30079e+07
4768 1.30079e+07
4769 1.30079e+07
4770 1.30079e+07
4771 1.30079e+07
4772 1.30079e+07
4773 1.30079e+07
4774 1.30079e+07
4775 1.30079e+07
4776 1.30079e+07
4777 1.30079e+07
4778 1.30079e+07
4779 1.30079e+07
4780 1.30079e+07
4781 1.30079e+07
4782 1.30079e+07
4783 1.30079e+07
4784 1.30079e+07
4785 1.30079e+07
4786 1.30079e+07
4787 1.30079e+07
4788 1.30079e+07
4789 1.30079e+07
4790 1.30079e+07
4791 1.30079e+07
4792 1.30079e+07
4793 1.30079e+07
4794 1.30079e+07
4795 1.30079e+07
4796 1.30079e+07
4797 1.30079e+07
4798 1.30079e+07
4799 1.30079e+07
4800 1.30079e+07
4801 1.30079e+07
4802 1.30079e+07
4803 1.30079e+07
4804 1.30079e+07
4805 1.30079e+07
4806 1.30079e+07
4807 1.30079e+07
4808 1.30079e+07
4809 1.30079e+07
4810 1.30079e+07
4811 1.30079e+07
4812 1.30079e+07
4813 1.30079e+07
4814 1.30079e+07
4815 1.30079e+07
4816 1.30079e+07
4817 1.30079e+07
4818 1.30079e+07
4819 1.30079e+07
4820 1.30079e+07
4821 1.30079e+07
4822 1.30079e+07
4823 1.30079e+07
4824 1.30079e+07
4825 1.30079e+07
4826 1.30079e+07
4827 1.30079e+07
4828 1.30079e+07
4829 1.30079e+07
4830 1.30079e+07
4831 1.30079e+07
4832 1.30079e+07
4833 1.30079e+07
4834 1.30079e+07
4835 1.30079e+07
4836 1.30079e+07
4837 1.30079e+07
4838 1.30079e+07
4839 1.30079e+07
4840 1.30079e+07
4841 1.30079e+07
4842 1.30079e+07
4843 1.30079e+07
4844 1.30079e+07
4845 1.30079e+07
4846 1.30079e+07
4847 1.30079e+07
4848 1.30079e+07
4849 1.30079e+07
4850 1.30079e+07
4851 1.30079e+07
4852 1.30079e+07
4853 1.30079e+07
4854 1.30079e+07
4855 1.30079e+07
4856 1.30079e+07
4857 1.30079e+07
4858 1.30079e+07
4859 1.30079e+07
4860 1.30079e+07
4861 1.30079e+07
4862 1.30079e+07
4863 1.30079e+07
4864 1.30079e+07
4865 1.30079e+07
4866 1.30079e+07
4867 1.30079e+07
4868 1.30079e+07
4869 1.30079e+07
4870 1.30079e+07
4871 1.30079e+07
4872 1.30079e+07
4873 1.30079e+07
4874 1.30079e+07
4875 1.30079e+07
4876 1.30079e+07
4877 1.30079e+07
4878 1.30079e+07
4879 1.30079e+07
4880 1.30079e+07
4881 1.30079e+07
4882 1.30079e+07
4883 1.30079e+07
4884 1.30079e+07
4885 1.30079e+07
4886 1.30079e+07
4887 1.30079e+07
4888 1.30079e+07
4889 1.30079e+07
4890 1.30079e+07
4891 1.30079e+07
4892 1.30079e+07
4893 1.30079e+07
4894 1.30079e+07
4895 1.30079e+07
4896 1.30079e+07
4897 1.30079e+07
4898 1.30079e+07
4899 1.30079e+07
4900 1.30079e+07
4901 1.30079e+07
4902 1.30079e+07
4903 1.30079e+07
4904 1.30079e+07
4905 1.30079e+07
4906 1.30079e+07
4907 1.30079e+07
4908 1.30079e+07
4909 1.30079e+07
4910 1.30079e+07
4911 1.30079e+07
4912 1.30079e+07
4913 1.30079e+07
4914 1.30079e+07
4915 1.30079e+07
4916 1.30079e+07
4917 1.30079e+07
4918 1.30079e+07
4919 1.30079e+07
4920 1.30079e+07
4921 1.30079e+07
4922 1.30079e+07
4923 1.30079e+07
4924 1.30079e+07
4925 1.30079e+07
4926 1.30079e+07
4927 1.30079e+07
4928 1.30079e+07
4929 1.30079e+07
4930 1.30079e+07
4931 1.30079e+07
4932 1.30079e+07
4933 1.30079e+07
4934 1.30079e+07
4935 1.30079e+07
4936 1.30079e+07
4937 1.30079e+07
4938 1.30079e+07
4939 1.30079e+07
4940 1.30079e+07
4941 1.30079e+07
4942 1.30079e+07
4943 1.30079e+07
4944 1.30079e+07
4945 1.30079e+07
4946 1.30079e+07
4947 1.30079e+07
4948 1.30079e+07
4949 1.30079e+07
4950 1.30079e+07
4951 1.30079e+07
4952 1.30079e+07
4953 1.30079e+07
4954 1.30079e+07
4955 1.30079e+07
4956 1.30079e+07
4957 1.30079e+07
4958 1.30079e+07
4959 1.30079e+07
4960 1.30079e+07
4961 1.30079e+07
4962 1.30079e+07
4963 1.30079e+07
4964 1.30079e+07
4965 1.30079e+07
4966 1.30079e+07
4967 1.30079e+07
4968 1.30079e+07
4969 1.30079e+07
4970 1.30079e+07
4971 1.30079e+07
4972 1.30079e+07
4973 1.30079e+07
4974 1.30079e+07
4975 1.30079e+07
4976 1.30079e+07
4977 1.30079e+07
4978 1.30079e+07
4979 1.30079e+07
4980 1.30079e+07
4981 1.30079e+07
4982 1.30079e+07
4983 1.30079e+07
4984 1.30079e+07
4985 1.30079e+07
4986 1.30079e+07
4987 1.30079e+07
4988 1.30079e+07
4989 1.30079e+07
4990 1.30079e+07
4991 1.30079e+07
4992 1.30079e+07
4993 1.30079e+07
4994 1.30079e+07
4995 1.30079e+07
4996 1.30079e+07
4997 1.30079e+07
4998 1.30079e+07
4999 1.30079e+07
