0.000651395 0.000700182 0.000750392 0.000801295 0.000851917 0.000900998 0.000946962 0.000987901 0.00102158 0.00104546 0.00105679 0.00105271 0.00103047 0.000987616 0.000922279 0.000833472 0.000721346 0.000587386 0.000434491 0.000266916 9.00351e-05 -9.00351e-05 -0.000266916 -0.000434491 -0.000587386 -0.000721346 -0.000833472 -0.000922279 -0.000987616 -0.00103047 -0.00105271 -0.00105679 -0.00104546 -0.00102158 -0.000987901 -0.000946962 -0.000900998 -0.000851917 -0.000801295 -0.000750392 -0.000700182 -0.000651395 
0.000699954 0.000757108 0.000816753 0.000878182 0.000940384 0.001002 0.00106124 0.0011159 0.00116325 0.00120014 0.00122303 0.00122811 0.00121156 0.00116984 0.00110006 0.00100043 0.000870656 0.000712253 0.00052875 0.000325619 0.000109973 -0.000109973 -0.000325619 -0.00052875 -0.000712253 -0.000870656 -0.00100043 -0.00110006 -0.00116984 -0.00121156 -0.00122811 -0.00122303 -0.00120014 -0.00116325 -0.0011159 -0.00106124 -0.001002 -0.000940384 -0.000878182 -0.000816753 -0.000757108 -0.000699954 
0.000749905 0.000816492 0.000886952 0.000960651 0.00103661 0.00111339 0.00118907 0.00126108 0.00132622 0.00138058 0.00141963 0.00143834 0.00143144 0.00139383 0.00132111 0.00121019 0.00105994 0.000871751 0.000649856 0.000401343 0.000135744 -0.000135744 -0.000401343 -0.000649856 -0.000871751 -0.00105994 -0.00121019 -0.00132111 -0.00139383 -0.00143144 -0.00143834 -0.00141963 -0.00138058 -0.00132622 -0.00126108 -0.00118907 -0.00111339 -0.00103661 -0.000960651 -0.000886952 -0.000816492 -0.000749905 
0.000800515 0.000877621 0.000960349 0.00104822 0.00114037 0.00123539 0.00133125 0.00142511 0.00151323 0.00159089 0.00165234 0.00169097 0.00169957 0.00167083 0.00159808 0.00147616 0.00130248 0.00107792 0.000807472 0.000500356 0.000169522 -0.000169522 -0.000500356 -0.000807472 -0.00107792 -0.00130248 -0.00147616 -0.00159808 -0.00167083 -0.00169957 -0.00169097 -0.00165234 -0.00159089 -0.00151323 -0.00142511 -0.00133125 -0.00123539 -0.00114037 -0.00104822 -0.000960349 -0.000877621 -0.000800515 
0.000850807 0.000939483 0.00103595 0.00114002 0.00125103 0.00136776 0.00148821 0.00160936 0.001727 0.00183551 0.00192775 0.00199512 0.00202782 0.00201542 0.00194785 0.00181671 0.00161685 0.00134791 0.00101554 0.000631782 0.000214483 -0.000214483 -0.000631782 -0.00101554 -0.00134791 -0.00161685 -0.00181671 -0.00194785 -0.00201542 -0.00202782 -0.00199512 -0.00192775 -0.00183551 -0.001727 -0.00160936 -0.00148821 -0.00136776 -0.00125103 -0.00114002 -0.00103595 -0.000939483 -0.000850807 
0.000899517 0.00100071 0.00111234 0.00123463 0.00136735 0.00150964 0.00165973 0.00181466 0.00196989 0.00211896 0.0022532 0.0023616 0.00243094 0.00244648 0.00239311 0.00225727 0.0020294 0.00170655 0.00129456 0.00080919 0.000275377 -0.000275377 -0.00080919 -0.00129456 -0.00170655 -0.0020294 -0.00225727 -0.00239311 -0.00244648 -0.00243094 -0.0023616 -0.0022532 -0.00211896 -0.00196989 -0.00181466 -0.00165973 -0.00150964 -0.00136735 -0.00123463 -0.00111234 -0.00100071 -0.000899517 
0.000945068 0.00105952 0.00118757 0.00133002 0.00148731 0.00165924 0.00184463 0.0020409 0.00224352 0.00244544 0.00263648 0.00280287 0.0029271 0.00298846 0.00296445 0.00283338 0.00257811 0.00219048 0.00167538 0.00105324 0.000359483 -0.000359483 -0.00105324 -0.00167538 -0.00219048 -0.00257811 -0.00283338 -0.00296445 -0.00298846 -0.0029271 -0.00280287 -0.00263648 -0.00244544 -0.00224352 -0.0020409 -0.00184463 -0.00165924 -0.00148731 -0.00133002 -0.00118757 -0.00105952 -0.000945068 
0.000985549 0.00111369 0.00125907 0.00142335 0.00160791 0.0018136 0.00204032 0.00228643 0.00254804 0.00281807 0.00308519 0.00333276 0.00353813 0.00367267 0.00370315 0.00359511 0.00331845 0.00285486 0.00220546 0.00139622 0.00047827 -0.00047827 -0.00139622 -0.00220546 -0.00285486 -0.00331845 -0.00359511 -0.00370315 -0.00367267 -0.00353813 -0.00333276 -0.00308519 -0.00281807 -0.00254804 -0.00228643 -0.00204032 -0.0018136 -0.00160791 -0.00142335 -0.00125907 -0.00111369 -0.000985549 
0.00101872 0.0011605 0.00132363 0.00151086 0.00172491 0.00196816 0.00224225 0.00254734 0.00288117 0.00323772 0.00360545 0.00396542 0.00428938 0.00453864 0.00466481 0.00461358 0.00433274 0.00378453 0.00295987 0.00189016 0.000650389 -0.000650389 -0.00189016 -0.00295987 -0.00378453 -0.00433274 -0.00461358 -0.00466481 -0.00453864 -0.00428938 -0.00396542 -0.00360545 -0.00323772 -0.00288117 -0.00254734 -0.00224225 -0.00196816 -0.00172491 -0.00151086 -0.00132363 -0.0011605 -0.00101872 
0.00104204 0.0011968 0.00137735 0.00158783 0.00183269 0.00211646 0.00244336 0.00281654 0.00323687 0.00370121 0.00419987 0.00471331 0.00520836 0.00563474 0.00592351 0.00599012 0.00574494 0.00511303 0.00406087 0.00262183 0.000907312 -0.000907312 -0.00262183 -0.00406087 -0.00511303 -0.00574494 -0.00599012 -0.00592351 -0.00563474 -0.00520836 -0.00471331 -0.00419987 -0.00370121 -0.00323687 -0.00281654 -0.00244336 -0.00211646 -0.00183269 -0.00158783 -0.00137735 -0.0011968 -0.00104204 
0.00105277 0.00121903 0.00141569 0.00164852 0.00192411 0.00224982 0.00263347 0.00308266 0.00360357 0.00419882 0.0048641 0.00558318 0.00632122 0.00701689 0.00757574 0.00786888 0.00774409 0.00705579 0.00571435 0.00374169 0.00130446 -0.00130446 -0.00374169 -0.00571435 -0.00705579 -0.00774409 -0.00786888 -0.00757574 -0.00701689 -0.00632122 -0.00558318 -0.0048641 -0.00419882 -0.00360357 -0.00308266 -0.00263347 -0.00224982 -0.00192411 -0.00164852 -0.00141569 -0.00121903 -0.00105277 
0.00104804 0.00122339 0.00143362 0.0016863 0.00199055 0.00235721 0.00279877 0.00332908 0.00396233 0.00471099 0.00558188 0.00656942 0.00764513 0.00874285 0.00974161 0.0104523 0.010621 0.00996903 0.0082802 0.00552296 0.00194443 -0.00194443 -0.00552296 -0.0082802 -0.00996903 -0.010621 -0.0104523 -0.00974161 -0.00874285 -0.00764513 -0.00656942 -0.00558188 -0.00471099 -0.00396233 -0.00332908 -0.00279877 -0.00235721 -0.00199055 -0.0016863 -0.00143362 -0.00122339 -0.00104804 
0.0010251 0.00120607 0.00142586 0.00169395 0.00202222 0.00242543 0.00292177 0.00353311 0.00428484 0.00520451 0.0063183 0.00764348 0.00917408 0.010857 0.0125569 0.0140152 0.0148235 0.0144562 0.0124142 0.00848928 0.00302902 -0.00302902 -0.00848928 -0.0124142 -0.0144562 -0.0148235 -0.0140152 -0.0125569 -0.010857 -0.00917408 -0.00764348 -0.0063183 -0.00520451 -0.00428484 -0.00353311 -0.00292177 -0.00242543 -0.00202222 -0.00169395 -0.00142586 -0.00120607 -0.0010251 
0.000981492 0.00116351 0.00138733 0.00166419 0.00200867 0.0024397 0.00298173 0.00366612 0.00453242 0.00562906 0.00701203 0.00873914 0.0108549 0.0133582 0.0161427 0.0189035 0.0210295 0.02156 0.0193674 0.0137101 0.00498457 -0.00498457 -0.0137101 -0.0193674 -0.02156 -0.0210295 -0.0189035 -0.0161427 -0.0133582 -0.0108549 -0.00873914 -0.00701203 -0.00562906 -0.00453242 -0.00366612 -0.00298173 -0.0024397 -0.00200867 -0.00166419 -0.00138733 -0.00116351 -0.000981492 
0.000915365 0.00109285 0.00131362 0.00159032 0.00193986 0.00238493 0.00295616 0.00369486 0.00465666 0.0059157 0.00756854 0.00973538 0.0125522 0.0161399 0.0205256 0.025475 0.0302109 0.0330999 0.0322192 0.00210936 -0.000309102 0.000309102 -0.00210936 -0.0322192 -0.0330999 -0.0302109 -0.025475 -0.0205256 -0.0161399 -0.0125522 -0.00973538 -0.00756854 -0.0059157 -0.00465666 -0.00369486 -0.00295616 -0.00238493 -0.00193986 -0.00159032 -0.00131362 -0.00109285 -0.000915365 
0.000825735 0.000992299 0.00120165 0.00146721 0.00180737 0.00224757 0.00282336 0.00358486 0.00460322 0.00597984 0.00785892 0.010443 0.0140071 0.0188972 0.0254714 0.0338875 0.0434898 0.000110582 -8.56597e-06 -5.46329e-06 -1.86094e-06 1.86094e-06 5.46329e-06 8.56597e-06 -0.000110582 -0.0434898 -0.0338875 -0.0254714 -0.0188972 -0.0140071 -0.010443 -0.00785892 -0.00597984 -0.00460322 -0.00358486 -0.00282336 -0.00224757 -0.00180737 -0.00146721 -0.00120165 -0.000992299 -0.000825735 
0.000712759 0.000861556 0.0010503 0.00129228 0.00160608 0.00201807 0.00256622 0.00330605 0.00431992 0.00573185 0.00773094 0.0106082 0.0148114 0.0210188 0.0302025 0.0431839 -3.30099e-05 -1.44099e-05 -1.10575e-05 -6.97344e-06 -2.38469e-06 2.38469e-06 6.97344e-06 1.10575e-05 1.44099e-05 3.30099e-05 -0.0431839 -0.0302025 -0.0210188 -0.0148114 -0.0106082 -0.00773094 -0.00573185 -0.00431992 -0.00330605 -0.00256622 -0.00201807 -0.00160608 -0.00129228 -0.0010503 -0.000861556 -0.000712759 
0.000577932 0.000702165 0.000860981 0.00106642 0.00133564 0.00169347 0.00217657 0.00284012 0.00376899 0.00509678 0.00703898 0.00995195 0.0144393 0.0215438 0.0330748 0.000135274 -2.11921e-05 -1.83132e-05 -1.4231e-05 -9.0575e-06 -3.11241e-06 3.11241e-06 9.0575e-06 1.4231e-05 1.83132e-05 2.11921e-05 -0.000135274 -0.0330748 -0.0215438 -0.0144393 -0.00995195 -0.00703898 -0.00509678 -0.00376899 -0.00284012 -0.00217657 -0.00169347 -0.00133564 -0.00106642 -0.000860981 -0.000702165 -0.000577932 
0.000424169 0.000517663 0.000637935 0.000794641 0.00100172 0.00127967 0.00165935 0.00218823 0.00294139 0.00404115 0.00569345 0.0082583 0.0123917 0.0193448 0.0300211 -2.84428e-05 -2.6809e-05 -2.35947e-05 -1.86255e-05 -1.19932e-05 -4.14687e-06 4.14687e-06 1.19932e-05 1.86255e-05 2.35947e-05 2.6809e-05 2.84428e-05 -0.0300211 -0.0193448 -0.0123917 -0.0082583 -0.00569345 -0.00404115 -0.00294139 -0.00218823 -0.00165935 -0.00127967 -0.00100172 -0.000794641 -0.000637935 -0.000517663 -0.000424169 
0.000255734 0.00031354 0.000388272 0.000486184 0.000616392 0.000792453 0.00103502 0.00137638 0.00186857 0.00259837 0.0037163 0.00549567 0.00846026 0.0136801 -0.000601073 -3.55053e-05 -3.42476e-05 -3.08291e-05 -2.48249e-05 -1.62266e-05 -5.65636e-06 5.65636e-06 1.62266e-05 2.48249e-05 3.08291e-05 3.42476e-05 3.55053e-05 0.000601073 -0.0136801 -0.00846026 -0.00549567 -0.0037163 -0.00259837 -0.00186857 -0.00137638 -0.00103502 -0.000792453 -0.000616392 -0.000486184 -0.000388272 -0.00031354 -0.000255734 
7.80192e-05 9.69291e-05 0.000121548 0.000154032 0.000197537 0.000256793 0.000339056 0.000455772 0.000625577 0.000879937 0.00127428 0.00191126 0.00299281 0.0049463 -5.03156e-05 -4.44793e-05 -4.41261e-05 -4.08535e-05 -3.37488e-05 -2.25009e-05 -7.9294e-06 7.9294e-06 2.25009e-05 3.37488e-05 4.08535e-05 4.41261e-05 4.44793e-05 5.03156e-05 -0.0049463 -0.00299281 -0.00191126 -0.00127428 -0.000879937 -0.000625577 -0.000455772 -0.000339056 -0.000256793 -0.000197537 -0.000154032 -0.000121548 -9.69291e-05 -7.80192e-05 
-0.000102843 -0.000123937 -0.000151016 -0.000186278 -0.00023293 -0.000295756 -0.000382073 -0.000503394 -0.000678418 -0.000938663 -0.00133958 -0.00198378 -0.00307303 -0.0050343 -4.4796e-05 -5.57554e-05 -5.72156e-05 -5.48796e-05 -4.68852e-05 -3.21157e-05 -1.14919e-05 1.14919e-05 3.21157e-05 4.68852e-05 5.48796e-05 5.72156e-05 5.57554e-05 4.4796e-05 0.0050343 0.00307303 0.00198378 0.00133958 0.000938663 0.000678418 0.000503394 0.000382073 0.000295756 0.00023293 0.000186278 0.000151016 0.000123937 0.000102843 
-0.000280459 -0.000340436 -0.000417614 -0.000518292 -0.000651634 -0.000831255 -0.00107787 -0.00142385 -0.00192129 -0.00265706 -0.00378172 -0.0055686 -0.00854138 -0.0137698 0.000502969 -6.95938e-05 -7.43696e-05 -7.46151e-05 -6.67099e-05 -4.74969e-05 -1.73865e-05 1.73865e-05 4.74969e-05 6.67099e-05 7.46151e-05 7.43696e-05 6.95938e-05 -0.000502969 0.0137698 0.00854138 0.0055686 0.00378172 0.00265706 0.00192129 0.00142385 0.00107787 0.000831255 0.000651634 0.000518292 0.000417614 0.000340436 0.000280459 
-0.000448694 -0.000544335 -0.000667027 -0.00082647 -0.00103665 -0.00131815 -0.00170187 -0.00223537 -0.00299385 -0.0040997 -0.005759 -0.00833186 -0.0124743 -0.0194375 -0.0301247 -8.58775e-05 -9.62468e-05 -0.000102263 -9.74037e-05 -7.35463e-05 -2.79341e-05 2.79341e-05 7.35463e-05 9.74037e-05 0.000102263 9.62468e-05 8.58775e-05 0.0301247 0.0194375 0.0124743 0.00833186 0.005759 0.0040997 0.00299385 0.00223537 0.00170187 0.00131815 0.00103665 0.00082647 0.000667027 0.000544335 0.000448694 
-0.000602161 -0.000728501 -0.000889696 -0.00109783 -0.00137011 -0.00173144 -0.00221855 -0.00288672 -0.00382095 -0.00515498 -0.00710448 -0.010026 -0.0145236 -0.0216401 -0.0331852 -0.000261836 -0.000122569 -0.000139908 -0.000145778 -0.000121118 -4.92141e-05 4.92141e-05 0.000121118 0.000145778 0.000139908 0.000122569 0.000261836 0.0331852 0.0216401 0.0145236 0.010026 0.00710448 0.00515498 0.00382095 0.00288672 0.00221855 0.00173144 0.00137011 0.00109783 0.000889696 0.000728501 0.000602161 
-0.000736595 -0.000887448 -0.00107852 -0.00132312 -0.00163992 -0.00205533 -0.00260744 -0.00335185 -0.00437109 -0.00578933 -0.00779597 -0.0106823 -0.0148967 -0.021118 -0.0303192 -0.043323 -0.000134578 -0.000186917 -0.000220527 -0.000216152 -0.000101603 0.000101603 0.000216152 0.000220527 0.000186917 0.000134578 0.043323 0.0303192 0.021118 0.0148967 0.0106823 0.00779597 0.00578933 0.00437109 0.00335185 0.00260744 0.00205533 0.00163992 0.00132312 0.00107852 0.000887448 0.000736595 
-0.000849085 -0.00101764 -0.00122924 -0.00149734 -0.0018404 -0.00228394 -0.00286358 -0.00362956 -0.0046532 -0.00603611 -0.00792281 -0.0105162 -0.0140921 -0.0189974 -0.0255918 -0.0340357 -0.0436773 -0.000355715 -0.000319868 -0.000414212 -0.000288851 0.000288851 0.000414212 0.000319868 0.000355715 0.0436773 0.0340357 0.0255918 0.0189974 0.0140921 0.0105162 0.00792281 0.00603611 0.0046532 0.00362956 0.00286358 0.00228394 0.0018404 0.00149734 0.00122924 0.00101764 0.000849085 
-0.000938141 -0.00111754 -0.00134046 -0.0016196 -0.00197192 -0.00242018 -0.0029951 -0.00373812 -0.00470503 -0.00597018 -0.00763047 -0.00980657 -0.0126351 -0.0162383 -0.020645 -0.0256242 -0.0304048 -0.0333661 -0.0326166 -0.00279889 -0.00127989 0.00127989 0.00279889 0.0326166 0.0333661 0.0304048 0.0256242 0.020645 0.0162383 0.0126351 0.00980657 0.00763047 0.00597018 0.00470503 0.00373812 0.0029951 0.00242018 0.00197192 0.0016196 0.00134046 0.00111754 0.000938141 
-0.00100361 -0.00118745 -0.00141331 -0.00169248 -0.0020396 -0.00247364 -0.00301916 -0.00370762 -0.00457874 -0.00568114 -0.00707112 -0.00880695 -0.0109338 -0.0134516 -0.0162556 -0.0190439 -0.0212104 -0.0218047 -0.0197218 -0.0142729 -0.00574713 0.00574713 0.0142729 0.0197218 0.0218047 0.0212104 0.0190439 0.0162556 0.0134516 0.0109338 0.00880695 0.00707112 0.00568114 0.00457874 0.00370762 0.00301916 0.00247364 0.0020396 0.00169248 0.00141331 0.00118745 0.00100361 
-0.00104649 -0.00122917 -0.00145089 -0.00172114 -0.00205186 -0.00245788 -0.00295745 -0.00357256 -0.00432871 -0.00525363 -0.00637378 -0.00770675 -0.00924712 -0.0109425 -0.0126587 -0.0141387 -0.0149767 -0.0146494 -0.0126571 -0.0087641 -0.00318592 0.00318592 0.0087641 0.0126571 0.0146494 0.0149767 0.0141387 0.0126587 0.0109425 0.00924712 0.00770675 0.00637378 0.00525363 0.00432871 0.00357256 0.00295745 0.00245788 0.00205186 0.00172114 0.00145089 0.00122917 0.00104649 
-0.00106864 -0.00124559 -0.0014576 -0.00171228 -0.00201879 -0.00238802 -0.00283253 -0.00336622 -0.00400342 -0.00475672 -0.00563313 -0.00662731 -0.00771109 -0.00881873 -0.00982974 -0.0105554 -0.0107419 -0.0101083 -0.00843098 -0.00565687 -0.0020024 0.0020024 0.00565687 0.00843098 0.0101083 0.0107419 0.0105554 0.00982974 0.00881873 0.00771109 0.00662731 0.00563313 0.00475672 0.00400342 0.00336622 0.00283253 0.00238802 0.00201879 0.00171228 0.0014576 0.00124559 0.00106864 
-0.00107252 -0.00124026 -0.00143856 -0.00167321 -0.00195085 -0.00227887 -0.00266515 -0.00311733 -0.00364167 -0.00424088 -0.00491077 -0.00563524 -0.00637957 -0.00708257 -0.00764977 -0.00795199 -0.00783593 -0.00715321 -0.00580838 -0.00381444 -0.00133267 0.00133267 0.00381444 0.00580838 0.00715321 0.00783593 0.00795199 0.00764977 0.00708257 0.00637957 0.00563524 0.00491077 0.00424088 0.00364167 0.00311733 0.00266515 0.00227887 0.00195085 0.00167321 0.00143856 0.00124026 0.00107252 
-0.00106092 -0.00121702 -0.00139906 -0.00161118 -0.00185787 -0.00214369 -0.00247288 -0.00284863 -0.00327186 -0.00373949 -0.00424185 -0.00475947 -0.00525916 -0.00569058 -0.00598454 -0.00605592 -0.00581391 -0.00518144 -0.00412186 -0.00266541 -0.000923337 0.000923337 0.00266541 0.00412186 0.00518144 0.00581391 0.00605592 0.00598454 0.00569058 0.00525916 0.00475947 0.00424185 0.00373949 0.00327186 0.00284863 0.00247288 0.00214369 0.00185787 0.00161118 0.00139906 0.00121702 0.00106092 
-0.00103668 -0.00117968 -0.00134415 -0.00153284 -0.0017485 -0.00199353 -0.00226958 -0.00257684 -0.00291307 -0.00327225 -0.00364286 -0.00400592 -0.00433312 -0.0045856 -0.00471465 -0.00466538 -0.0043847 -0.00383349 -0.00300122 -0.00191831 -0.000660437 0.000660437 0.00191831 0.00300122 0.00383349 0.0043847 0.00466538 0.00471465 0.0045856 0.00433312 0.00400592 0.00364286 0.00327225 0.00291307 0.00257684 0.00226958 0.00199353 0.0017485 0.00153284 0.00134415 0.00117968 0.00103668 
-0.00100259 -0.00113182 -0.00127838 -0.00144394 -0.0016299 -0.00183712 -0.00206548 -0.00231338 -0.00257692 -0.00284901 -0.00311827 -0.00336803 -0.00357553 -0.00371194 -0.00374374 -0.00363601 -0.00335803 -0.00289076 -0.00223465 -0.00141548 -0.000485022 0.000485022 0.00141548 0.00223465 0.00289076 0.00335803 0.00363601 0.00374374 0.00371194 0.00357553 0.00336803 0.00311827 0.00284901 0.00257692 0.00231338 0.00206548 0.00183712 0.0016299 0.00144394 0.00127838 0.00113182 0.00100259 
-0.000961177 -0.0010766 -0.00120568 -0.00134925 -0.00150774 -0.00168095 -0.0018677 -0.00206541 -0.00226954 -0.00247301 -0.00266561 -0.00283347 -0.00295898 -0.00302127 -0.00299758 -0.0028659 -0.00260871 -0.00221744 -0.00169672 -0.00106702 -0.00036426 0.00036426 0.00106702 0.00169672 0.00221744 0.00260871 0.0028659 0.00299758 0.00302127 0.00295898 0.00283347 0.00266561 0.00247301 0.00226954 0.00206541 0.0018677 0.00168095 0.00150774 0.00134925 0.00120568 0.0010766 0.000961177 
-0.000914706 -0.00101675 -0.00112928 -0.00125252 -0.00138625 -0.0015296 -0.0016808 -0.00183687 -0.00199325 -0.00214345 -0.00227876 -0.00238808 -0.00245811 -0.00247394 -0.00242029 -0.00228338 -0.00205342 -0.00172725 -0.00131063 -0.000819418 -0.000278892 0.000278892 0.000819418 0.00131063 0.00172725 0.00205342 0.00228338 0.00242029 0.00247394 0.00245811 0.00238808 0.00227876 0.00214345 0.00199325 0.00183687 0.0016808 0.0015296 0.00138625 0.00125252 0.00112928 0.00101675 0.000914706 
-0.000865092 -0.000954503 -0.00105175 -0.00115662 -0.00126847 -0.00138607 -0.0015074 -0.00162943 -0.00174792 -0.00185723 -0.00195016 -0.00201805 -0.002051 -0.00203849 -0.0019703 -0.00183789 -0.00163599 -0.00136413 -0.00102795 -0.000639595 -0.000217152 0.000217152 0.000639595 0.00102795 0.00136413 0.00163599 0.00183789 0.0019703 0.00203849 0.002051 0.00201805 0.00195016 0.00185723 0.00174792 0.00162943 0.0015074 0.00138607 0.00126847 0.00115662 0.00105175 0.000954503 0.000865092 
-0.000813922 -0.00089166 -0.000975044 -0.00106359 -0.00115643 -0.00125214 -0.00134869 -0.00144321 -0.00153195 -0.00161014 -0.00167199 -0.00171084 -0.00171941 -0.00169031 -0.00161676 -0.00149353 -0.00131795 -0.00109086 -0.000817262 -0.000506469 -0.000171602 0.000171602 0.000506469 0.000817262 0.00109086 0.00131795 0.00149353 0.00161676 0.00169031 0.00171941 0.00171084 0.00167199 0.00161014 0.00153195 0.00144321 0.00134869 0.00125214 0.00115643 0.00106359 0.000975044 0.00089166 0.000813922 
-0.000762464 -0.00082959 -0.0009006 -0.000974858 -0.00105137 -0.0011287 -0.0012049 -0.0012774 -0.00134295 -0.00139764 -0.00143688 -0.0014556 -0.00144848 -0.00141036 -0.00133678 -0.00122459 -0.00107262 -0.00088224 -0.000657722 -0.000406223 -0.0001374 0.0001374 0.000406223 0.000657722 0.00088224 0.00107262 0.00122459 0.00133678 0.00141036 0.00144848 0.0014556 0.00143688 0.00139764 0.00134295 0.0012774 0.0012049 0.0011287 0.00105137 0.000974858 0.0009006 0.00082959 0.000762464 
-0.000711702 -0.00076931 -0.000829412 -0.000891295 -0.00095394 -0.00101597 -0.00107561 -0.0011306 -0.00117821 -0.00121527 -0.0012382 -0.00124315 -0.00122626 -0.00118396 -0.00111331 -0.00101248 -0.000881162 -0.000720874 -0.00053517 -0.000329583 -0.000111314 0.000111314 0.000329583 0.00053517 0.000720874 0.000881162 0.00101248 0.00111331 0.00118396 0.00122626 0.00124315 0.0012382 0.00121527 0.00117821 0.0011306 0.00107561 0.00101597 0.00095394 0.000891295 0.000829412 0.00076931 0.000711702 
-0.00066237 -0.000711537 -0.000762121 -0.000813388 -0.000864356 -0.000913753 -0.000959993 -0.00100115 -0.00103497 -0.0010589 -0.00107016 -0.00106586 -0.00104322 -0.000999746 -0.000933559 -0.000843646 -0.000730149 -0.00059456 -0.000439805 -0.000270184 -9.11382e-05 9.11382e-05 0.000270184 0.000439805 0.00059456 0.000730149 0.000843646 0.000933559 0.000999746 0.00104322 0.00106586 0.00107016 0.0010589 0.00103497 0.00100115 0.000959993 0.000913753 0.000864356 0.000813388 0.000762121 0.000711537 0.00066237 
