0.000615297 0.000686416 0.000764427 0.000849476 0.000941512 0.00104023 0.00114498 0.00125469 0.00136782 0.00148222 0.00159516 0.00170329 0.0018027 0.00188909 0.00195791 0.00200474 0.00202559 0.00201737 0.00197819 0.00190772 0.0018073 0.00167997 0.00153024 0.00136373 0.00118668 0.00100546 0.000826028 0.000653611 0.000492389 0.000345395 0.000214524 0.000100634 3.71669e-06 -7.69116e-05 -0.000142408 -0.000194229 -0.000233975 -0.000263281 -0.000283727 -0.000296787 -0.000303791 -0.000305915 
0.000636481 0.000715079 0.000802163 0.00089811 0.0010031 0.00111702 0.00123937 0.00136918 0.00150481 0.00164391 0.0017833 0.00191891 0.00204586 0.00215853 0.00225089 0.00231686 0.00235085 0.0023483 0.00230631 0.0022241 0.00210323 0.00194771 0.0017636 0.00155855 0.00134102 0.00111955 0.000902035 0.000695167 0.000504128 0.000332453 0.000182106 5.36759e-05 -5.33464e-05 -0.000140272 -0.000208936 -0.00026145 -0.000300022 -0.000326808 -0.000343826 -0.0003529 -0.000355633 -0.000353404 
0.000654476 0.00074088 0.000837631 0.000945422 0.00106476 0.00119586 0.00133851 0.00149192 0.00165452 0.0018238 0.00199616 0.00216673 0.0023294 0.00247694 0.00260127 0.00269402 0.00274721 0.00275416 0.00271033 0.00261415 0.00246743 0.00227546 0.00204657 0.00179129 0.00152131 0.00124823 0.000982552 0.00073294 0.000505765 0.00030504 0.000132606 -1.15067e-05 -0.000128635 -0.000221043 -0.000291523 -0.000343084 -0.000378713 -0.000401221 -0.000413144 -0.000416709 -0.000413814 -0.00040605 
0.000668141 0.000762515 0.000869373 0.000989833 0.00112487 0.00127517 0.00144099 0.00162194 0.00181669 0.00202277 0.00223619 0.00245128 0.00266051 0.00285455 0.0030226 0.00315305 0.00323447 0.00325689 0.00321324 0.00310053 0.00292076 0.00268102 0.00239292 0.0020713 0.00173248 0.00139249 0.00106545 0.00076258 0.00049163 0.000256947 5.98824e-05 -0.000100574 -0.000227091 -0.000323344 -0.000393473 -0.000441677 -0.000471937 -0.000487856 -0.000492577 -0.000488766 -0.000478629 -0.000463959 
0.000676149 0.000778425 0.000895592 0.00102932 0.00118122 0.00135267 0.00154464 0.00175742 0.00199026 0.00224096 0.00250544 0.00277726 0.00304731 0.00330367 0.00353193 0.00371591 0.00383908 0.00388645 0.0038468 0.00371474 0.00349221 0.00318889 0.00282126 0.00241061 0.00198022 0.00155251 0.0011467 0.000777257 0.000453438 0.000179534 -4.42704e-05 -0.000220807 -0.000354834 -0.000452086 -0.000518557 -0.000560002 -0.000581637 -0.000587999 -0.000582901 -0.000569469 -0.000550205 -0.000527074 
0.000676995 0.000786788 0.000914122 0.00106137 0.00123097 0.00142525 0.00164626 0.00189537 0.00217285 0.00247733 0.00280502 0.00314904 0.00349867 0.00383895 0.00415069 0.00441134 0.00459679 0.00468424 0.00465565 0.0045014 0.00422289 0.00383345 0.00335704 0.00282487 0.00227081 0.00172678 0.00121908 0.000766325 0.000379104 6.08003e-05 -0.00019076 -0.000381483 -0.00051933 -0.00061299 -0.000670953 -0.000700955 -0.000709694 -0.000702756 -0.00068466 -0.00065897 -0.00062843 -0.000595115 
0.000669016 0.000785532 0.000922415 0.0010829 0.00127049 0.0014888 0.00174135 0.00203118 0.00236029 0.00272888 0.0031343 0.0035699 0.0040237 0.00447735 0.00490563 0.00527711 0.00555642 0.00570839 0.00570372 0.00552512 0.00517229 0.0046639 0.00403562 0.00333437 0.00261059 0.00191042 0.00127011 0.000713269 0.000251032 -0.000115842 -0.000393955 -0.000594248 -0.000729496 -0.000812521 -0.000855087 -0.000867358 -0.000857728 -0.00083289 -0.000798029 -0.000757058 -0.000712861 -0.000667512 
0.000650437 0.00077237 0.000917569 0.00109029 0.00129534 0.001538 0.0018238 0.00215818 0.00254583 0.00298971 0.0034897 0.0040407 0.00463052 0.00523764 0.00582958 0.00636283 0.00678524 0.00704193 0.00708445 0.00688156 0.00642868 0.00575231 0.00490701 0.00396546 0.00300455 0.00209224 0.00127858 0.000592537 4.36971e-05 -0.000373149 -0.000672527 -0.000873414 -0.000995642 -0.00105764 -0.00107531 -0.00106164 -0.00102682 -0.000978582 -0.000922623 -0.000863025 -0.000802627 -0.00074334 
0.00061944 0.000744879 0.000896394 0.0010794 0.00130025 0.00156628 0.00188564 0.00226709 0.00271929 0.00324971 0.00386287 0.00455772 0.00532414 0.0061389 0.00696174 0.00773328 0.00837666 0.00880533 0.00893765 0.00871632 0.00812674 0.00720695 0.00604322 0.00475176 0.0034532 0.00224923 0.0012087 0.0003647 -0.000279714 -0.000741956 -0.00105023 -0.001236 -0.00132911 -0.00135531 -0.00133539 -0.00128537 -0.00121713 -0.00113914 -0.00105729 -0.000975507 -0.000896322 -0.000821246 
0.000574277 0.000700622 0.000855541 0.0010457 0.00127919 0.00156576 0.00191685 0.00234556 0.00286612 0.00349288 0.00423826 0.00510931 0.00610254 0.00719699 0.00834629 0.0094718 0.0104611 0.0111765 0.0114778 0.0112577 0.0104786 0.00919548 0.00754989 0.00573488 0.00394553 0.0023365 0.00100049 -3.08166e-05 -0.00077173 -0.0012632 -0.00155632 -0.00170125 -0.00174142 -0.0017115 -0.00163763 -0.00153859 -0.00142737 -0.00131262 -0.00119984 -0.00109233 -0.000991911 -0.000899396 
0.000513401 0.000637319 0.000791716 0.0009845 0.00122562 0.00152748 0.00190538 0.00237783 0.00296648 0.00369554 0.00458984 0.00567091 0.00695007 0.00841747 0.0100274 0.011682 0.0132201 0.0144223 0.0150434 0.0148766 0.0138313 0.0119865 0.00958506 0.00696204 0.0044439 0.00226835 0.000553733 -0.000686313 -0.00150591 -0.00198948 -0.0022249 -0.00228904 -0.00224249 -0.00212974 -0.00198172 -0.00181891 -0.00165425 -0.00149548 -0.00134686 -0.00121038 -0.00108665 -0.000975437 
0.000435648 0.000553081 0.000701975 0.000891348 0.00113291 0.00144181 0.00183755 0.00234489 0.00299475 0.00382455 0.00487733 0.00619836 0.00782713 0.00978222 0.0120365 0.0144836 0.0169036 0.0189492 0.0201847 0.0202 0.0187777 0.0160279 0.0123894 0.00847472 0.00485083 0.00188317 -0.000298079 -0.00174019 -0.00258203 -0.00298471 -0.00309221 -0.00301664 -0.00283779 -0.00260883 -0.00236314 -0.00212051 -0.00189178 -0.00168216 -0.00149343 -0.00132547 -0.00117706 -0.00104651 
0.000340427 0.000446682 0.000584097 0.0007625 0.000995039 0.00129933 0.00169895 0.00222531 0.00291987 0.00383642 0.00504268 0.00661958 0.00865498 0.0112263 0.0143645 0.0179923 0.0218416 0.0253803 0.0278268 0.0283396 0.0263869 0.0221032 0.0163339 0.0102704 0.00493609 0.000877944 -0.00182813 -0.00339375 -0.00412787 -0.00431914 -0.00418992 -0.00389275 -0.00352387 -0.00313981 -0.00277127 -0.00243305 -0.00213074 -0.00186481 -0.00163311 -0.00143238 -0.00125896 -0.00110928 
0.000227927 0.000317861 0.000437036 0.000595581 0.000807457 0.001092 0.00147608 0.00199715 0.00270727 0.00367837 0.00500837 0.00682683 0.00929634 0.012601 0.0169058 0.0222607 0.0284295 0.034665 0.0395763 0.0413781 0.0387135 0.0316643 0.0219892 0.0121867 0.00417459 -0.00131067 -0.0044729 -0.00592347 -0.00629036 -0.00605482 -0.00553218 -0.00490814 -0.00428232 -0.00370254 -0.00318752 -0.00274072 -0.00235826 -0.00203324 -0.00175794 -0.00152495 -0.0013276 -0.00116011 
9.9299e-05 0.000167615 0.000261371 0.000390295 0.000568194 0.000814833 0.00115873 0.00164133 0.00232319 0.00329305 0.00468063 0.00667358 0.00953653 0.0136237 0.0193601 0.0271356 0.0370158 0.0481913 0.0585979 0.0482631 0.046949 0.0473861 0.04528 0.013033 0.00138095 -0.0057089 -0.00889158 -0.00966751 -0.00920161 -0.0082149 -0.00709433 -0.0060229 -0.00507301 -0.00426233 -0.00358399 -0.00302191 -0.00255797 -0.00217518 -0.00185876 -0.00159637 -0.00137791 -0.00119522 
-4.32155e-05 -1.57129e-06 5.97118e-05 0.000149099 0.000278992 0.000467763 0.000742939 0.00114625 0.00174169 0.00262846 0.00396164 0.00598471 0.00907845 0.013827 0.0210839 0.0319599 0.0475221 0.0471811 0.0471434 0.0471461 0.0471489 0.0471515 0.0471538 0.0471555 0.0470248 -0.0139818 -0.0159643 -0.0149381 -0.0128976 -0.0107306 -0.0087839 -0.00715256 -0.00582831 -0.00476825 -0.00392352 -0.0032499 -0.00271078 -0.00227702 -0.00192585 -0.00163968 -0.00140489 -0.00121098 
-0.00019624 -0.00018561 -0.000163053 -0.000122294 -5.37533e-05 5.73595e-05 0.000234178 0.000513413 0.00095427 0.00165386 0.00277429 0.00459074 0.00757702 0.0125547 0.0209375 0.0351211 0.0471366 0.0471407 0.047144 0.0471475 0.0471511 0.0471545 0.0471574 0.0471596 0.0471611 0.0471833 -0.0259501 -0.0217753 -0.0171703 -0.0133695 -0.0104115 -0.00815892 -0.0064522 -0.00515503 -0.00416205 -0.00339501 -0.00279662 -0.00232509 -0.00194986 -0.00164841 -0.00140403 -0.00120423 
-0.000355341 -0.000378865 -0.000399749 -0.000414763 -0.000418518 -0.000402032 -0.000350237 -0.000237588 -2.01214e-05 0.000379282 0.00109897 0.00239356 0.00474509 0.00909254 0.0173155 0.0470766 0.047137 0.0471405 0.0471447 0.0471493 0.0471541 0.0471585 0.0471622 0.0471648 0.0471664 0.0471669 0.0468853 -0.0294593 -0.021375 -0.0156752 -0.0116806 -0.00885566 -0.00682865 -0.00535028 -0.00425413 -0.00342838 -0.00279696 -0.0023074 -0.00192291 -0.00161736 -0.00137188 -0.00117266 
-0.000515238 -0.000574418 -0.000641234 -0.000716125 -0.000798949 -0.000888339 -0.00098045 -0.00106655 -0.00112821 -0.00112765 -0.000987435 -0.000546569 0.000538948 0.00303275 0.0104782 0.0471324 0.0471356 0.0471399 0.0471454 0.0471516 0.0471579 0.0471638 0.0471685 0.0471717 0.0471733 0.0471735 0.0471727 -0.0319781 -0.0243249 -0.0169855 -0.0122256 -0.00903919 -0.0068427 -0.00528797 -0.00416117 -0.00332713 -0.00269807 -0.00221559 -0.00183992 -0.00154341 -0.0013065 -0.0011151 
-0.000670153 -0.000764543 -0.000877047 -0.00101203 -0.00117509 -0.00137338 -0.00161606 -0.00191466 -0.00228323 -0.00273749 -0.0032912 -0.00394407 -0.00464557 -0.00518573 0.0486417 0.0471298 0.0471335 0.0471388 0.0471458 0.0471542 0.0471629 0.0471709 0.0471771 0.0471809 0.0471824 0.0471819 0.04718 0.0494918 -0.0245323 -0.0166102 -0.0117161 -0.00854684 -0.00641214 -0.00492578 -0.00386115 -0.0030798 -0.00249408 -0.0020468 -0.0016996 -0.00142615 -0.00120796 -0.00103182 
-0.000814244 -0.000941344 -0.00109635 -0.00128737 -0.00152547 -0.00182607 -0.00221105 -0.00271214 -0.00337644 -0.00427586 -0.00552356 -0.00730419 -0.00993157 -0.0139635 0.0470532 0.0471261 0.0471301 0.0471365 0.0471456 0.0471569 0.0471691 0.0471803 0.0471887 0.0471933 0.0471943 0.0471925 0.047189 0.0471244 -0.0209586 -0.014164 -0.0100071 -0.00732566 -0.00552027 -0.00426114 -0.0033567 -0.00269055 -0.00218923 -0.00180483 -0.0015052 -0.00126825 -0.00107842 -0.00092458 
-0.000942101 -0.00109748 -0.00128904 -0.00152794 -0.00182977 -0.00221667 -0.00272082 -0.00339018 -0.00429825 -0.00556145 -0.00737134 -0.0100577 -0.0142198 -0.0210195 0.0470591 0.0471211 0.047125 0.0471323 0.0471437 0.0471591 0.0471766 0.0471929 0.0472045 0.04721 0.0472099 0.0472059 0.0471999 0.0471225 -0.0138999 -0.00987387 -0.00725222 -0.00547689 -0.00423398 -0.00333882 -0.00267827 -0.00218049 -0.00179841 -0.00150036 -0.0012645 -0.00107547 -0.000922206 -0.000796659 
-0.0010492 -0.00122685 -0.00144674 -0.00172211 -0.00207147 -0.00252119 -0.00310968 -0.00389416 -0.0049623 -0.0064526 -0.00859166 -0.0117657 -0.0166647 -0.0245916 0.0494284 0.0471142 0.0471173 0.0471247 0.0471385 0.0471595 0.0471853 0.0472099 0.0472267 0.0472329 0.0472303 0.0472224 0.0472127 0.0487171 -0.00511818 -0.00458535 -0.00389049 -0.0032435 -0.00269495 -0.00224518 -0.00188054 -0.00158534 -0.00134562 -0.00114992 -0.000989136 -0.000856149 -0.000745406 -0.000652575 
-0.00113229 -0.00132517 -0.00156374 -0.00186211 -0.00223989 -0.00272476 -0.00335651 -0.0041936 -0.00532384 -0.00688244 -0.00908325 -0.0122744 -0.0170394 -0.0243839 -0.0320419 0.0471055 0.0471062 0.047112 0.047127 0.0471549 0.0471942 0.0472337 0.0472589 0.0472647 0.0472566 0.0472423 0.047227 0.0105609 0.00310487 0.000601942 -0.000491336 -0.000938783 -0.00108458 -0.0010899 -0.0010323 -0.000949705 -0.000860614 -0.000773846 -0.000693306 -0.000620418 -0.000555364 -0.00049774 
-0.00118958 -0.00139023 -0.00163733 -0.0019447 -0.00233123 -0.00282311 -0.00345715 -0.00428587 -0.0053854 -0.00686761 -0.00889895 -0.0117288 -0.0157288 -0.0214346 -0.029525 0.0468137 0.0470914 0.047092 0.0471038 0.047138 0.0472005 0.0472701 0.0473093 0.04731 0.0472898 0.0472647 0.047184 0.0174059 0.00916913 0.00481062 0.00245017 0.00114831 0.000422632 1.82385e-05 -0.000203428 -0.000319641 -0.000374488 -0.000393606 -0.000392134 -0.000379113 -0.000359977 -0.000337996 
-0.00122082 -0.00142202 -0.00166795 -0.00197115 -0.00234836 -0.00282212 -0.00342305 -0.00419298 -0.00518926 -0.00649023 -0.00820132 -0.0104589 -0.0134228 -0.0172305 -0.0218435 -0.0260277 0.0470955 0.0470639 0.0470616 0.0470906 0.0471927 0.0473364 0.0473963 0.0473735 0.0473283 0.0472858 0.0352404 0.0210343 0.0126348 0.00764429 0.00464812 0.00282384 0.00169712 0.000992385 0.000547255 0.000264428 8.45593e-05 -2.91686e-05 -9.99694e-05 -0.000142695 -0.000166975 -0.000179123 
-0.00122718 -0.00142243 -0.00165871 -0.00194656 -0.00229962 -0.00273553 -0.00327708 -0.00395348 -0.00480142 -0.0058652 -0.00719379 -0.00883029 -0.0107832 -0.0129578 -0.015008 -0.0160468 -0.0140815 0.0469008 0.0469985 0.0469713 0.0471051 0.0475136 0.0475571 0.0474508 0.0474039 0.0476876 0.0320869 0.0211843 0.0139086 0.00914612 0.00604193 0.00401076 0.00267116 0.0017792 0.00117949 0.000772626 0.000494444 0.000303106 0.000171 7.96912e-05 1.67267e-05 -2.63975e-05 
-0.00121098 -0.00139495 -0.00161482 -0.0018788 -0.00219702 -0.00258184 -0.00304809 -0.00361282 -0.00429421 -0.00510847 -0.00606257 -0.00713907 -0.00826586 -0.00926046 -0.00973672 -0.00897514 -0.00581377 0.00124125 0.0128275 0.0449171 0.0464965 0.0483065 0.0488753 0.0589543 0.048428 0.0371851 0.027263 0.0194598 0.013704 0.0096029 0.00672951 0.00472854 0.00333464 0.0023597 0.00167368 0.00118763 0.000840817 0.000591694 0.000411656 0.000280875 0.000185494 0.000115748 
-0.00117538 -0.00134406 -0.00154275 -0.00177724 -0.00205422 -0.00238115 -0.00276577 -0.00321504 -0.00373292 -0.00431604 -0.0049458 -0.0055746 -0.0061031 -0.00634608 -0.00598898 -0.00455193 -0.00140955 0.00404413 0.0120003 0.0216923 0.0312888 0.0394165 0.0418772 0.0398912 0.0348806 0.0285865 0.0223801 0.0169999 0.0126773 0.00935961 0.0068803 0.00505428 0.00371831 0.0027424 0.00202833 0.00150397 0.00111711 0.000830205 0.00061629 0.000455972 0.000335245 0.000243942 
-0.00112401 -0.00127481 -0.00144948 -0.00165161 -0.00188486 -0.00215255 -0.00245685 -0.00279733 -0.00316847 -0.00355555 -0.00392798 -0.00422939 -0.00436376 -0.00417888 -0.00345289 -0.00189787 0.00079412 0.00483371 0.0101467 0.0162061 0.0220764 0.0265819 0.0286004 0.0280466 0.0255511 0.0219743 0.0180973 0.0144493 0.0112962 0.00871364 0.0066696 0.0050859 0.00387421 0.00295324 0.00225503 0.00172562 0.00132342 0.00101691 0.000782455 0.000602381 0.000463499 0.000355948 
-0.00106066 -0.00119226 -0.00134182 -0.00151106 -0.00170121 -0.00191243 -0.00214295 -0.00238761 -0.0026356 -0.00286721 -0.00304912 -0.00312827 -0.00302498 -0.0026273 -0.0017914 -0.000356249 0.00181736 0.00477836 0.00840208 0.0123372 0.0160357 0.0188675 0.0203373 0.0203253 0.0190737 0.0170087 0.0145713 0.0121099 0.00984427 0.00788015 0.00624417 0.00491733 0.00385981 0.00302609 0.00237295 0.00186284 0.00146474 0.0011538 0.000910462 0.000719535 0.000569271 0.000450623 
-0.000988991 -0.00110116 -0.00122594 -0.00136358 -0.00151348 -0.00167368 -0.00183992 -0.00200451 -0.00215452 -0.0022695 -0.00231857 -0.0022573 -0.00202509 -0.0015451 -0.000729323 0.000506969 0.00221876 0.0043944 0.0069194 0.00956167 0.0119973 0.013882 0.0149561 0.0151337 0.0145106 0.0133004 0.0117528 0.0100891 0.00847117 0.00699698 0.00571214 0.0046263 0.00372802 0.00299558 0.00240407 0.00192917 0.00154914 0.00124543 0.0010027 0.000808493 0.000652831 0.000527787 
-0.000912324 -0.00100571 -0.00110708 -0.00121562 -0.00132954 -0.00144554 -0.00155813 -0.00165869 -0.00173423 -0.00176597 -0.0017278 -0.00158504 -0.0012942 -0.000805042 -6.6242e-05 0.0009636 0.00229961 0.00391156 0.00570872 0.00753825 0.00920464 0.0105104 0.0113077 0.0115379 0.0112392 0.0105217 0.00952796 0.00839717 0.00724265 0.00614338 0.00514587 0.00427109 0.00352246 0.00289288 0.00236988 0.00193905 0.00158609 0.00129788 0.00106293 0.000871489 0.000715418 0.000588039 
-0.000833534 -0.000909392 -0.000989424 -0.00107212 -0.00115497 -0.00123404 -0.00130345 -0.00135473 -0.001376 -0.00135125 -0.00125966 -0.00107543 -0.000768654 -0.000307729 0.000335798 0.00117974 0.00222168 0.00342935 0.00473483 0.00603686 0.00721409 0.00814809 0.00874976 0.00897919 0.00885073 0.00842258 0.00777759 0.00700332 0.00617729 0.0053593 0.0045898 0.00389212 0.0032764 0.0027437 0.00228947 0.00190622 0.00158524 0.00131778 0.00109564 0.000911485 0.000758932 0.000632555 
-0.000754982 -0.000814965 -0.00087611 -0.00093651 -0.000993327 -0.00104248 -0.00107828 -0.00109297 -0.00107638 -0.00101547 -0.000894339 -0.000694485 -0.000395992 2.02596e-05 0.00056901 0.00125577 0.00207138 0.00298733 0.00395392 0.00490323 0.00575777 0.00644369 0.00690501 0.0071142 0.00707548 0.00682036 0.00639787 0.00586346 0.00526974 0.00466057 0.00406863 0.00351556 0.00301363 0.00256794 0.00217864 0.00184276 0.00155559 0.0013117 0.00110553 0.00093179 0.000785665 0.000662888 
-0.00067851 -0.000724473 -0.000769321 -0.000810983 -0.000846572 -0.000872173 -0.000882598 -0.000871142 -0.000829398 -0.000747177 -0.000612674 -0.000413012 -0.000135328 0.000231441 0.000694067 0.00125201 0.00189438 0.00259779 0.00332615 0.00403318 0.00466808 0.00518323 0.00554218 0.00572567 0.00573372 0.00558365 0.005305 0.00493328 0.00450415 0.0040493 0.00359411 0.00315706 0.00275019 0.00238022 0.00204979 0.00175873 0.00150505 0.00128569 0.00109714 0.000935765 0.000798065 0.0006808 
-0.000605477 -0.000639328 -0.000670429 -0.000696706 -0.000715411 -0.000722975 -0.00071487 -0.0006855 -0.000628145 -0.000535044 -0.000397667 -0.000207271 4.41803e-05 0.000362692 0.000750563 0.00120455 0.00171422 0.00226105 0.00281877 0.00335536 0.00383667 0.00423109 0.00451419 0.00467228 0.00470375 0.0046182 0.00443374 0.00417337 0.00386137 0.00352047 0.00316999 0.00282499 0.00249626 0.00219074 0.00191223 0.00166214 0.0014402 0.00124504 0.00107462 0.000926612 0.000798567 0.000688113 
-0.000536815 -0.000560408 -0.00058015 -0.000594074 -0.000599673 -0.000593815 -0.000572675 -0.000531704 -0.000465665 -0.000368776 -0.000235009 -5.85779e-05 0.000165334 0.000439634 0.000764224 0.0011349 0.0015425 0.00197259 0.00240594 0.00282004 0.0031914 0.0034985 0.00372456 0.00385968 0.00390176 0.00385614 0.00373408 0.00355064 0.00332249 0.00306589 0.00279537 0.00252293 0.00225774 0.00200627 0.00177265 0.0015591 0.00136638 0.00119421 0.00104163 0.000907245 0.000789464 0.000686611 
-0.000473096 -0.000488161 -0.000498701 -0.00050292 -0.000498605 -0.000483082 -0.000453198 -0.000405337 -0.000335497 -0.000239455 -0.000113039 4.74661e-05 0.000244776 0.000479957 0.000751716 0.00105576 0.00138439 0.0017264 0.00206762 0.00239198 0.00268299 0.00292568 0.00310823 0.00322341 0.00326911 0.00324825 0.00316794 0.00303816 0.00287041 0.00267639 0.00246696 0.00225151 0.00203762 0.00183101 0.00163567 0.00145414 0.00128772 0.00113683 0.00100123 0.000880219 0.000772836 0.000677963 
-0.000414607 -0.000422705 -0.000425935 -0.000422703 -0.000411102 -0.0003889 -0.000353547 -0.000302221 -0.000231916 -0.000139603 -2.2461e-05 0.000121804 0.000294567 0.000495836 0.000723809 0.000974507 0.00124158 0.00151637 0.00178833 0.00204581 0.00227703 0.00247134 0.00262029 0.00271849 0.00276404 0.00275848 0.00270633 0.0026143 0.00249039 0.00234303 0.00218033 0.00200959 0.00183696 0.00166731 0.00150429 0.00135044 0.00120733 0.00107576 0.000955954 0.000847706 0.000750512 0.000663681 
-0.000361406 -0.000363914 -0.000361457 -0.00035265 -0.000335882 -0.000309324 -0.000270947 -0.000218581 -0.000150005 -6.30864e-05 4.403e-05 0.000172681 0.000323401 0.00049563 0.00068743 0.000895283 0.00111402 0.00133694 0.00155611 0.00176297 0.00194897 0.00210639 0.00222907 0.00231296 0.00235641 0.00236017 0.00232715 0.00226188 0.00217 0.0020576 0.00193076 0.0017951 0.00165557 0.00151624 0.00138032 0.00125019 0.00112748 0.00101319 0.000907831 0.000811509 0.000724054 0.000645093 
-0.00031339 -0.000311497 -0.000304715 -0.000291865 -0.000271609 -0.000242467 -0.000202848 -0.000151108 -8.56311e-05 -4.94704e-06 9.21195e-05 0.00020627 0.000337533 0.00048507 0.000647003 0.000820307 0.0010008 0.00118327 0.0013617 0.0015297 0.00168099 0.00180988 0.0019118 0.00198367 0.0020241 0.00203339 0.0020134 0.00196725 0.00189892 0.00181286 0.00171362 0.00160555 0.00149256 0.00137804 0.00126473 0.00115479 0.00104978 0.000950775 0.00085844 0.000773086 0.000694768 0.000623343 
