0.000223029 0.000204661 0.000180399 0.000149361 0.000110648 6.33926e-05 6.81856e-06 -5.96769e-05 -0.000136424 -0.000223367 -0.000319937 -0.000424936 -0.000536438 -0.000651731 -0.000767335 -0.0008791 -0.000982411 -0.0010725 -0.0011448 -0.00119543 -0.0012215 -0.0012215 -0.00119543 -0.0011448 -0.0010725 -0.000982411 -0.0008791 -0.000767335 -0.000651731 -0.000536438 -0.000424936 -0.000319937 -0.000223367 -0.000136424 -5.96769e-05 6.81856e-06 6.33926e-05 0.000110648 0.000149361 0.000180399 0.000204661 0.000223029 
0.000274962 0.000258825 0.000236191 0.000205929 0.000166846 0.000117732 5.74307e-05 -1.50593e-05 -0.000100461 -0.000199062 -0.000310538 -0.000433767 -0.000566665 -0.000706065 -0.000847684 -0.000986222 -0.00111561 -0.00122942 -0.00132141 -0.00138614 -0.00141958 -0.00141958 -0.00138614 -0.00132141 -0.00122942 -0.00111561 -0.000986222 -0.000847684 -0.000706065 -0.000566665 -0.000433767 -0.000310538 -0.000199062 -0.000100461 -1.50593e-05 5.74307e-05 0.000117732 0.000166846 0.000205929 0.000236191 0.000258825 0.000274962 
0.000335221 0.000322501 0.000302747 0.000274537 0.000236319 0.00018645 0.000123277 4.52462e-05 -4.89394e-05 -0.000160114 -0.000288401 -0.000432939 -0.000591605 -0.00076079 -0.000935277 -0.0011083 -0.00127183 -0.00141714 -0.00153553 -0.00161934 -0.00166279 -0.00166279 -0.00161934 -0.00153553 -0.00141714 -0.00127183 -0.0011083 -0.000935277 -0.00076079 -0.000591605 -0.000432939 -0.000288401 -0.000160114 -4.89394e-05 4.52462e-05 0.000123277 0.00018645 0.000236319 0.000274537 0.000302747 0.000322501 0.000335221 
0.000404738 0.000396929 0.00038168 0.000357242 0.000321637 0.000272692 0.000208112 0.0001256 2.30435e-05 -0.000101227 -0.000248097 -0.00041727 -0.000606825 -0.000812821 -0.00102901 -0.00124678 -0.00145548 -0.0016431 -0.00179743 -0.00190743 -0.0019647 -0.0019647 -0.00190743 -0.00179743 -0.0016431 -0.00145548 -0.00124678 -0.00102901 -0.000812821 -0.000606825 -0.00041727 -0.000248097 -0.000101227 2.30435e-05 0.0001256 0.000208112 0.000272692 0.000321637 0.000357242 0.00038168 0.000396929 0.000404738 
0.000484418 0.000483367 0.000474692 0.000456291 0.000425702 0.00038012 0.000316447 0.000231411 0.000121767 -1.53863e-05 -0.000182164 -0.000379324 -0.000605596 -0.000856993 -0.00112624 -0.00140249 -0.00167156 -0.00191683 -0.00212084 -0.00226744 -0.00234415 -0.00234415 -0.00226744 -0.00212084 -0.00191683 -0.00167156 -0.00140249 -0.00112624 -0.000856993 -0.000605596 -0.000379324 -0.000182164 -1.53863e-05 0.000121767 0.000231411 0.000316447 0.00038012 0.000425702 0.000456291 0.000474692 0.000483367 0.000484418 
0.000575083 0.000583027 0.000583506 0.000574058 0.000551702 0.000512909 0.000453611 0.000369295 0.00025519 0.000106629 -8.0403e-05 -0.000308488 -0.000577778 -0.00088487 -0.00122172 -0.00157489 -0.00192554 -0.00225046 -0.00252432 -0.00272304 -0.00282765 -0.00282765 -0.00272304 -0.00252432 -0.00225046 -0.00192554 -0.00157489 -0.00122172 -0.00088487 -0.000577778 -0.000308488 -8.0403e-05 0.000106629 0.00025519 0.000369295 0.000453611 0.000512909 0.000551702 0.000574058 0.000583506 0.000583027 0.000575083 
0.00067739 0.000696985 0.000709765 0.000712944 0.000703021 0.000675686 0.000625758 0.000547198 0.000433255 0.000276811 7.10164e-05 -0.000189698 -0.000508203 -0.000882882 -0.0013057 -0.00176058 -0.00222266 -0.00265931 -0.00303325 -0.00330781 -0.0034534 -0.0034534 -0.00330781 -0.00303325 -0.00265931 -0.00222266 -0.00176058 -0.0013057 -0.000882882 -0.000508203 -0.000189698 7.10164e-05 0.000276811 0.000433255 0.000547198 0.000625758 0.000675686 0.000703021 0.000712944 0.000709765 0.000696985 0.00067739 
0.000791741 0.000826061 0.00085489 0.000875208 0.000883063 0.000873377 0.000839767 0.000774429 0.000668143 0.000510521 0.000290642 -1.74706e-06 -0.000374312 -0.000829431 -0.0013609 -0.00195064 -0.00256647 -0.00316241 -0.00368274 -0.00407033 -0.00427768 -0.00427768 -0.00407033 -0.00368274 -0.00316241 -0.00256647 -0.00195064 -0.0013609 -0.000829431 -0.000374312 -1.74706e-06 0.000290642 0.000510521 0.000668143 0.000774429 0.000839767 0.000873377 0.000883063 0.000875208 0.00085489 0.000826061 0.000791741 
0.00091816 0.000970667 0.00101989 0.00106274 0.00109499 0.00111091 0.00110299 0.00106151 0.000974368 0.000827027 0.000602963 0.000284896 -0.000142835 -0.000690429 -0.00135727 -0.0021257 -0.00295561 -0.00378242 -0.00452181 -0.00508248 -0.00538575 -0.00538575 -0.00508248 -0.00452181 -0.00378242 -0.00295561 -0.0021257 -0.00135727 -0.000690429 -0.000142835 0.000284896 0.000602963 0.000827027 0.000974368 0.00106151 0.00110299 0.00111091 0.00109499 0.00106274 0.00101989 0.000970667 0.00091816 
0.00105617 0.00113063 0.00120511 0.00127674 0.0013413 0.00139278 0.00142274 0.00141972 0.00136855 0.00124976 0.00103958 0.000710683 0.000234757 -0.000412544 -0.00124342 -0.00224684 -0.00337669 -0.00454387 -0.00561927 -0.00645325 -0.00691071 -0.00691071 -0.00645325 -0.00561927 -0.00454387 -0.00337669 -0.00224684 -0.00124342 -0.000412544 0.000234757 0.000710683 0.00103958 0.00124976 0.00136855 0.00141972 0.00142274 0.00139278 0.0013413 0.00127674 0.00120511 0.00113063 0.00105617 
0.00120464 0.00130498 0.00140996 0.00151732 0.00162336 0.0017223 0.00180547 0.00186021 0.00186858 0.00180597 0.00163991 0.00132968 0.000828058 8.67256e-05 -0.000932439 -0.00223892 -0.00378956 -0.00546653 -0.00707152 -0.00835257 -0.00906802 -0.00906802 -0.00835257 -0.00707152 -0.00546653 -0.00378956 -0.00223892 -0.000932439 8.67256e-05 0.000828058 0.00132968 0.00163991 0.00180597 0.00186858 0.00186021 0.00180547 0.0017223 0.00162336 0.00151732 0.00140996 0.00130498 0.00120464 
0.0013617 0.00149179 0.00163261 0.00178306 0.00194064 0.00210074 0.00225552 0.00239239 0.00249192 0.00252516 0.00245064 0.00221147 0.00173428 0.000932819 -0.000279124 -0.00196005 -0.00409593 -0.00654659 -0.00901084 -0.0110533 -0.0122214 -0.0122214 -0.0110533 -0.00901084 -0.00654659 -0.00409593 -0.00196005 -0.000279124 0.000932819 0.00173428 0.00221147 0.00245064 0.00252516 0.00249192 0.00239239 0.00225552 0.00210074 0.00194064 0.00178306 0.00163261 0.00149179 0.0013617 
0.00152457 0.00168793 0.00186968 0.00207051 0.00229007 0.00252616 0.00277347 0.00302167 0.0032525 0.00343557 0.00352263 0.00344044 0.00308363 0.00231119 0.000954895 -0.00114675 -0.00407357 -0.00770592 -0.0116066 -0.0150076 -0.0170166 -0.0170166 -0.0150076 -0.0116066 -0.00770592 -0.00407357 -0.00114675 0.000954895 0.00231119 0.00308363 0.00344044 0.00352263 0.00343557 0.0032525 0.00302167 0.00277347 0.00252616 0.00229007 0.00207051 0.00186968 0.00168793 0.00152457 
0.0016896 0.00188903 0.00211601 0.00237379 0.00266522 0.00299212 0.00335404 0.00374623 0.00415614 0.00455785 0.00490325 0.00510898 0.0050387 0.00448336 0.00314953 0.000681268 -0.00323857 -0.00865922 -0.0150299 -0.0209885 -0.0246697 -0.0246697 -0.0209885 -0.0150299 -0.00865922 -0.00323857 0.000681268 0.00314953 0.00448336 0.0050387 0.00510898 0.00490325 0.00455785 0.00415614 0.00374623 0.00335404 0.00299212 0.00266522 0.00237379 0.00211601 0.00188903 0.0016896 
0.00185223 0.00208942 0.0023646 0.00268429 0.00305574 0.00348658 0.00398407 0.00455336 0.00519429 0.00589529 0.00662231 0.00729973 0.00777863 0.00778892 0.006879 0.00437287 -0.000563795 -0.00855739 -0.0151731 0.0694197 0.0666206 0.0666206 0.0694197 -0.0151731 -0.00855739 -0.000563795 0.00437287 0.006879 0.00778892 0.00777863 0.00729973 0.00662231 0.00589529 0.00519429 0.00455336 0.00398407 0.00348658 0.00305574 0.00268429 0.0023646 0.00208942 0.00185223 
0.00200719 0.00228229 0.00260666 0.00299072 0.00344715 0.0039912 0.00464076 0.00541594 0.00633726 0.00742124 0.00867029 0.0100514 0.011453 0.0126036 0.0129288 0.0113415 0.00651775 0.0664753 0.0667183 0.0667206 0.0667218 0.0667218 0.0667206 0.0667183 0.0664753 0.00651775 0.0113415 0.0129288 0.0126036 0.011453 0.0100514 0.00867029 0.00742124 0.00633726 0.00541594 0.00464076 0.0039912 0.00344715 0.00299072 0.00260666 0.00228229 0.00200719 
0.00214868 0.00246002 0.00283205 0.00327949 0.00382121 0.00448142 0.00529123 0.00629031 0.00752849 0.00906625 0.0109715 0.0133065 0.0160904 0.0192045 0.0221693 0.0237518 0.0667323 0.0667231 0.0667275 0.0667307 0.0667324 0.0667324 0.0667307 0.0667275 0.0667231 0.0667323 0.0237518 0.0221693 0.0192045 0.0160904 0.0133065 0.0109715 0.00906625 0.00752849 0.00629031 0.00529123 0.00448142 0.00382121 0.00327949 0.00283205 0.00246002 0.00214868 
0.00227084 0.00261465 0.00302991 0.00353564 0.00415706 0.00492792 0.00589386 0.00711714 0.00868335 0.0107105 0.0133609 0.0168529 0.0214644 0.0274953 0.035089 0.0666542 0.0667261 0.0667329 0.0667389 0.0667434 0.0667459 0.0667459 0.0667434 0.0667389 0.0667329 0.0667261 0.0666542 0.035089 0.0274953 0.0214644 0.0168529 0.0133609 0.0107105 0.00868335 0.00711714 0.00589386 0.00492792 0.00415706 0.00353564 0.00302991 0.00261465 0.00227084 
0.00236809 0.00273854 0.00318959 0.00374412 0.00443316 0.00529934 0.00640228 0.00782672 0.00969538 0.0121894 0.0155816 0.0202905 0.0269685 0.0366368 0.0506912 0.0667261 0.0667354 0.0667446 0.0667531 0.0667596 0.0667632 0.0667632 0.0667596 0.0667531 0.0667446 0.0667354 0.0667261 0.0506912 0.0366368 0.0269685 0.0202905 0.0155816 0.0121894 0.00969538 0.00782672 0.00640228 0.00529934 0.00443316 0.00374412 0.00318959 0.00273854 0.00236809 
0.0024357 0.00282508 0.00330176 0.00389152 0.00462983 0.00556627 0.0067716 0.00834888 0.0104521 0.0133174 0.017319 0.0230706 0.0316206 0.0448455 0.0661903 0.0667338 0.066746 0.0667587 0.0667707 0.0667802 0.0667855 0.0667855 0.0667802 0.0667707 0.0667587 0.066746 0.0667338 0.0661903 0.0448455 0.0316206 0.0230706 0.017319 0.0133174 0.0104521 0.00834888 0.0067716 0.00556627 0.00462983 0.00389152 0.00330176 0.00282508 0.0024357 
0.00247021 0.00286942 0.00335945 0.00396768 0.00473197 0.00570575 0.00696593 0.00862597 0.0108578 0.01393 0.0182781 0.0246384 0.034321 0.0498055 0.0667552 0.0667416 0.0667577 0.0667751 0.0667922 0.0668063 0.0668144 0.0668144 0.0668063 0.0667922 0.0667751 0.0667577 0.0667416 0.0667552 0.0498055 0.034321 0.0246384 0.0182781 0.01393 0.0108578 0.00862597 0.00696593 0.00570575 0.00473197 0.00396768 0.00335945 0.00286942 0.00247021 
0.00246978 0.00286895 0.00335894 0.00396712 0.00473137 0.0057051 0.00696525 0.00862528 0.0108571 0.0139295 0.0182778 0.0246385 0.0343218 0.0498076 0.0667593 0.066749 0.0667698 0.0667937 0.0668184 0.0668396 0.0668522 0.0668522 0.0668396 0.0668184 0.0667937 0.0667698 0.066749 0.0667593 0.0498076 0.0343218 0.0246385 0.0182778 0.0139295 0.0108571 0.00862528 0.00696525 0.0057051 0.00473137 0.00396712 0.00335894 0.00286895 0.00246978 
0.00243443 0.00282369 0.00330023 0.00388985 0.00462802 0.00556434 0.00676955 0.0083468 0.0104501 0.0133157 0.0173179 0.0230706 0.0316227 0.0448511 0.0662019 0.0667548 0.0667811 0.0668134 0.0668492 0.0668822 0.0669027 0.0669027 0.0668822 0.0668492 0.0668134 0.0667811 0.0667548 0.0662019 0.0448511 0.0316227 0.0230706 0.0173179 0.0133157 0.0104501 0.0083468 0.00676955 0.00556434 0.00462802 0.00388985 0.00330023 0.00282369 0.00243443 
0.00236598 0.00273622 0.00318705 0.00374135 0.00443013 0.00529608 0.00639883 0.00782316 0.00969185 0.0121862 0.0155792 0.0202897 0.0269707 0.0366443 0.0507077 0.066757 0.0667891 0.0668317 0.0668837 0.0669367 0.0669722 0.0669722 0.0669367 0.0668837 0.0668317 0.0667891 0.066757 0.0507077 0.0366443 0.0269707 0.0202897 0.0155792 0.0121862 0.00969185 0.00782316 0.00639883 0.00529608 0.00443013 0.00374135 0.00318705 0.00273622 0.00236598 
0.00226791 0.00261142 0.00302636 0.00353175 0.00415282 0.00492333 0.00588894 0.00711199 0.00867812 0.0107056 0.0133567 0.0168504 0.0214652 0.0275022 0.0351061 0.066689 0.0667901 0.0668433 0.0669176 0.067006 0.0670743 0.0670743 0.067006 0.0669176 0.0668433 0.0667901 0.066689 0.0351061 0.0275022 0.0214652 0.0168504 0.0133567 0.0107056 0.00867812 0.00711199 0.00588894 0.00492333 0.00415282 0.00353175 0.00302636 0.00261142 0.00226791 
0.00214495 0.00245591 0.00282752 0.00327451 0.00381575 0.00447547 0.0052848 0.00628346 0.00752136 0.00905911 0.0109648 0.0133012 0.016088 0.0192075 0.0221821 0.0237821 0.0667933 0.0668383 0.0669366 0.0670874 0.0672416 0.0672416 0.0670874 0.0669366 0.0668383 0.0667933 0.0237821 0.0221821 0.0192075 0.016088 0.0133012 0.0109648 0.00905911 0.00752136 0.00628346 0.0052848 0.00447547 0.00381575 0.00327451 0.00282752 0.00245591 0.00214495 
0.00200267 0.00227731 0.00260117 0.00298467 0.00344049 0.00398389 0.00463279 0.00540731 0.00632805 0.00741163 0.00866063 0.0100423 0.0114456 0.0125999 0.0129322 0.011358 0.0065589 0.066564 0.066906 0.0671336 0.0675693 0.0675693 0.0671336 0.066906 0.066564 0.0065589 0.011358 0.0129322 0.0125999 0.0114456 0.0100423 0.00866063 0.00741163 0.00632805 0.00540731 0.00463279 0.00398389 0.00344049 0.00298467 0.00260117 0.00227731 0.00200267 
0.00184698 0.00208362 0.00235819 0.00267721 0.00304792 0.00347795 0.00397456 0.00454293 0.00518293 0.00588303 0.00660929 0.00728623 0.0077652 0.00777653 0.00686934 0.00436884 -0.000556911 -0.00852915 -0.0150985 0.0696298 0.0678149 0.0678149 0.0696298 -0.0150985 -0.00852915 -0.000556911 0.00436884 0.00686934 0.00777653 0.0077652 0.00728623 0.00660929 0.00588303 0.00518293 0.00454293 0.00397456 0.00347795 0.00304792 0.00267721 0.00235819 0.00208362 0.00184698 
0.00168365 0.00188245 0.00210874 0.00236573 0.00265629 0.00298221 0.00334305 0.00373404 0.00414264 0.00454293 0.00488681 0.00509092 0.00501895 0.0044618 0.00312593 0.000654976 -0.00326955 -0.00870115 -0.0151046 -0.0211925 -0.0255953 -0.0255953 -0.0211925 -0.0151046 -0.00870115 -0.00326955 0.000654976 0.00312593 0.0044618 0.00501895 0.00509092 0.00488681 0.00454293 0.00414264 0.00373404 0.00334305 0.00298221 0.00265629 0.00236573 0.00210874 0.00188245 0.00168365 
0.00151798 0.00168064 0.00186161 0.00206156 0.00228012 0.00251507 0.00276111 0.00300785 0.00323702 0.00341818 0.00350301 0.00341817 0.00305809 0.00228141 0.000919228 -0.00119142 -0.00413351 -0.00779477 -0.0117558 -0.0152871 -0.0175011 -0.0175011 -0.0152871 -0.0117558 -0.00779477 -0.00413351 -0.00119142 0.000919228 0.00228141 0.00305809 0.00341817 0.00350301 0.00341818 0.00323702 0.00300785 0.00276111 0.00251507 0.00228012 0.00206156 0.00186161 0.00168064 0.00151798 
0.00135451 0.00148385 0.00162382 0.00177329 0.00192977 0.00208861 0.00224195 0.00237714 0.00247471 0.00250564 0.00242833 0.00218572 0.00170414 0.000896832 -0.000323275 -0.00201626 -0.00417091 -0.00665202 -0.00916556 -0.0112792 -0.0125141 -0.0125141 -0.0112792 -0.00916556 -0.00665202 -0.00417091 -0.00201626 -0.000323275 0.000896832 0.00170414 0.00218572 0.00242833 0.00250564 0.00247471 0.00237714 0.00224195 0.00208861 0.00192977 0.00177329 0.00162382 0.00148385 0.00135451 
0.00119693 0.00129647 0.00140053 0.00150685 0.0016117 0.00170928 0.00179087 0.00184377 0.00184997 0.00178477 0.00161555 0.0013014 0.000794775 4.68791e-05 -0.000981174 -0.00230003 -0.00386823 -0.00556995 -0.00720787 -0.00852598 -0.00926865 -0.00926865 -0.00852598 -0.00720787 -0.00556995 -0.00386823 -0.00230003 -0.000981174 4.68791e-05 0.000794775 0.0013014 0.00161555 0.00178477 0.00184997 0.00184377 0.00179087 0.00170928 0.0016117 0.00150685 0.00140053 0.00129647 0.00119693 
0.001048 0.00112162 0.00119514 0.00126568 0.001329 0.00137903 0.00140733 0.00140237 0.0013489 0.00122737 0.00101386 0.000680862 0.000199789 -0.000454086 -0.00129349 -0.00230808 -0.00345243 -0.00463783 -0.00573426 -0.00658855 -0.00705911 -0.00705911 -0.00658855 -0.00573426 -0.00463783 -0.00345243 -0.00230808 -0.00129349 -0.000454086 0.000199789 0.000680862 0.00101386 0.00122737 0.0013489 0.00140237 0.00140733 0.00137903 0.001329 0.00126568 0.00119514 0.00112162 0.001048 
0.000909612 0.000961247 0.00100948 0.00105121 0.00108217 0.00109663 0.00108699 0.00104353 0.000954049 0.000803932 0.000576539 0.000254433 -0.000178254 -0.000731976 -0.00140642 -0.00218424 -0.00302545 -0.00386526 -0.0046182 -0.00519073 -0.0055011 -0.0055011 -0.00519073 -0.0046182 -0.00386526 -0.00302545 -0.00218424 -0.00140642 -0.000731976 -0.000178254 0.000254433 0.000576539 0.000803932 0.000954049 0.00104353 0.00108699 0.00109663 0.00108217 0.00105121 0.00100948 0.000961247 0.000909612 
0.000782881 0.000816316 0.000844144 0.000863327 0.000869888 0.000858719 0.000823403 0.000756088 0.000647496 0.000487166 0.000264083 -3.21196e-05 -0.000409244 -0.000869817 -0.00140778 -0.00200512 -0.00262957 -0.00323473 -0.00376403 -0.00415897 -0.00437052 -0.00437052 -0.00415897 -0.00376403 -0.00323473 -0.00262957 -0.00200512 -0.00140778 -0.000869817 -0.000409244 -3.21196e-05 0.000264083 0.000487166 0.000647496 0.000756088 0.000823403 0.000858719 0.000869888 0.000863327 0.000844144 0.000816316 0.000782881 
0.00066829 0.000686997 0.000698776 0.000700824 0.000689619 0.000660823 0.000609223 0.000528742 0.00041258 0.000253564 4.47758e-05 -0.00021943 -0.000542002 -0.000921397 -0.00134962 -0.00181054 -0.00227915 -0.00272243 -0.00310248 -0.00338183 -0.00353007 -0.00353007 -0.00338183 -0.00310248 -0.00272243 -0.00227915 -0.00181054 -0.00134962 -0.000921397 -0.000542002 -0.00021943 4.47758e-05 0.000253564 0.00041258 0.000528742 0.000609223 0.000660823 0.000689619 0.000700824 0.000698776 0.000686997 0.00066829 
0.00056581 0.000572874 0.000572366 0.000561807 0.000538198 0.000497987 0.000437081 0.000350932 0.000234735 8.37822e-05 -0.000105987 -0.000337199 -0.000610045 -0.000921141 -0.00126242 -0.00162038 -0.001976 -0.00230575 -0.00258389 -0.00278587 -0.00289224 -0.00289224 -0.00278587 -0.00258389 -0.00230575 -0.001976 -0.00162038 -0.00126242 -0.000921141 -0.000610045 -0.000337199 -0.000105987 8.37822e-05 0.000234735 0.000350932 0.000437081 0.000497987 0.000538198 0.000561807 0.000572366 0.000572874 0.00056581 
0.000475036 0.000473122 0.000463484 0.000444005 0.000412208 0.000365269 0.000300069 0.000213312 0.000101726 -3.76159e-05 -0.000206857 -0.000406776 -0.000636114 -0.000890878 -0.00116375 -0.00144379 -0.00171666 -0.00196552 -0.00217262 -0.0023215 -0.00239944 -0.00239944 -0.0023215 -0.00217262 -0.00196552 -0.00171666 -0.00144379 -0.00116375 -0.000890878 -0.000636114 -0.000406776 -0.000206857 -3.76159e-05 0.000101726 0.000213312 0.000300069 0.000365269 0.000412208 0.000444005 0.000463484 0.000473122 0.000475036 
0.000395305 0.000386658 0.000370478 0.000345005 0.000308248 0.000258019 0.000192007 0.000107898 3.56126e-06 -0.000122688 -0.00027175 -0.000443333 -0.000635513 -0.000844324 -0.00106347 -0.00128425 -0.00149589 -0.00168622 -0.00184284 -0.0019545 -0.00201264 -0.00201264 -0.0019545 -0.00184284 -0.00168622 -0.00149589 -0.00128425 -0.00106347 -0.000844324 -0.000635513 -0.000443333 -0.00027175 -0.000122688 3.56126e-06 0.000107898 0.000192007 0.000258019 0.000308248 0.000345005 0.000370478 0.000386658 0.000395305 
0.00032579 0.000312262 0.000291616 0.000262422 0.000223115 0.000172042 0.000107539 2.80402e-05 -6.7762e-05 -0.00018071 -0.000310931 -0.000457562 -0.000618465 -0.000790001 -0.000966905 -0.00114234 -0.00130818 -0.00145556 -0.00157567 -0.00166071 -0.00170481 -0.00170481 -0.00166071 -0.00157567 -0.00145556 -0.00130818 -0.00114234 -0.000966905 -0.000790001 -0.000618465 -0.000457562 -0.000310931 -0.00018071 -6.7762e-05 2.80402e-05 0.000107539 0.000172042 0.000223115 0.000262422 0.000291616 0.000312262 0.00032579 
0.000265579 0.000248669 0.000225187 0.000193995 0.000153891 0.000103657 4.21305e-05 -3.16988e-05 -0.000118559 -0.000218739 -0.000331914 -0.000456953 -0.000591754 -0.00073312 -0.000876723 -0.00101721 -0.00114842 -0.00126385 -0.00135716 -0.00142283 -0.00145676 -0.00145676 -0.00142283 -0.00135716 -0.00126385 -0.00114842 -0.00101721 -0.000876723 -0.00073312 -0.000591754 -0.000456953 -0.000331914 -0.000218739 -0.000118559 -3.16988e-05 4.21305e-05 0.000103657 0.000153891 0.000193995 0.000225187 0.000248669 0.000265579 
0.000213733 0.000194631 0.000169569 0.000137657 9.79931e-05 4.97028e-05 -7.9943e-06 -7.57047e-05 -0.000153761 -0.000242104 -0.000340161 -0.000446724 -0.000559845 -0.000676786 -0.000794028 -0.000907372 -0.00101215 -0.00110351 -0.00117685 -0.0012282 -0.00125465 -0.00125465 -0.0012282 -0.00117685 -0.00110351 -0.00101215 -0.000907372 -0.000794028 -0.000676786 -0.000559845 -0.000446724 -0.000340161 -0.000242104 -0.000153761 -7.57047e-05 -7.9943e-06 4.97028e-05 9.79931e-05 0.000137657 0.000169569 0.000194631 0.000213733 
