0.000620668 0.000642188 0.000660539 0.000674579 0.000682983 0.000684245 0.000676702 0.000658576 0.00062805 0.000583373 0.000522996 0.000445752 0.000351046 0.000239064 0.00011095 -3.10597e-05 -0.000183595 -0.000342229 -0.000501691 -0.000656209 -0.00079995 -0.000927512 -0.00103438 -0.00111731 -0.00117451 -0.00120574 -0.00121218 -0.00119613 -0.00116075 -0.00110968 -0.0010467 -0.000975455 -0.000899261 -0.000820983 -0.000742972 -0.000667059 -0.000594595 -0.000526503 -0.000463351 -0.000405416 -0.000352754 -0.000305258 
0.000691899 0.00072092 0.000747101 0.000769139 0.000785476 0.00079429 0.000793507 0.00078084 0.000753867 0.000710146 0.000647397 0.000563727 0.000457905 0.000329667 0.000180004 1.13924e-05 -0.000172085 -0.000364803 -0.000559851 -0.000749513 -0.000925903 -0.00108169 -0.00121079 -0.00130891 -0.00137386 -0.00140563 -0.00140612 -0.00137881 -0.00132819 -0.00125929 -0.00117717 -0.00108656 -0.000991662 -0.00089594 -0.000802138 -0.000712288 -0.000627792 -0.00054952 -0.000477911 -0.000413077 -0.000354886 -0.000303043 
0.000770015 0.000808131 0.000844005 0.000876179 0.000902859 0.000921875 0.000930683 0.000926379 0.000905771 0.00086551 0.0008023 0.000713191 0.000595962 0.000449558 0.000274554 7.35515e-05 -0.000148569 -0.000384644 -0.000625541 -0.000860811 -0.00107963 -0.0012719 -0.00142928 -0.00154603 -0.00161949 -0.00165008 -0.00164092 -0.00159724 -0.00152548 -0.00143262 -0.00132546 -0.00121016 -0.00109195 -0.000974982 -0.000862391 -0.000756343 -0.000658195 -0.000568653 -0.000487925 -0.000415856 -0.000352046 -0.00029594 
0.000855158 0.000904196 0.000951941 0.000996815 0.0010368 0.00106937 0.00109146 0.00109945 0.00108918 0.00105612 0.000995611 0.000903166 0.000775044 0.000608868 0.000404333 0.000163888 -0.000106764 -0.000398512 -0.000699187 -0.000994455 -0.00126922 -0.00150929 -0.00170306 -0.00184277 -0.00192518 -0.00195159 -0.0019271 -0.00185957 -0.00175837 -0.00163323 -0.00149327 -0.00134647 -0.00119928 -0.00105659 -0.00092182 -0.000797149 -0.000683728 -0.000581937 -0.000491598 -0.000412164 -0.000342854 -0.000282772 
0.000947279 0.00100929 0.00107141 0.00113201 0.0011889 0.00123921 0.00127934 0.00130484 0.00131044 0.00129009 0.00123727 0.00114536 0.0010083 0.000821559 0.00058315 0.000294808 -3.70819e-05 -0.00040101 -0.000780636 -0.00115602 -0.00150571 -0.00180942 -0.00205063 -0.00221869 -0.0023098 -0.00232687 -0.00227823 -0.00217589 -0.00203353 -0.00186474 -0.0016818 -0.00149489 -0.00131185 -0.00113823 -0.000977578 -0.000831819 -0.000701644 -0.000586867 -0.000486722 -0.000400098 -0.000325706 -0.000262208 
0.00104607 0.0011233 0.00120264 0.00128247 0.00136054 0.00143374 0.00149794 0.00154784 0.00157687 0.00157714 0.0015397 0.00145492 0.00131335 0.00110697 0.000830773 0.000484689 7.52735e-05 -0.000383143 -0.000868505 -0.00135265 -0.00180451 -0.00219439 -0.00249831 -0.00270142 -0.00279949 -0.0027984 -0.00271192 -0.00255854 -0.00235836 -0.00213045 -0.00189119 -0.00165341 -0.00142635 -0.00121597 -0.00102558 -0.000856435 -0.000708376 -0.000580317 -0.000470631 -0.000377434 -0.000298779 -0.000232775 
0.00115087 0.00124574 0.00134539 0.00144843 0.00155269 0.00165497 0.00175077 0.00183398 0.00189665 0.00192873 0.00191819 0.00185133 0.00171376 0.00149197 0.00117572 0.000761061 0.000253442 -0.000329835 -0.000958936 -0.00159348 -0.00218748 -0.00269636 -0.00308447 -0.00333072 -0.00343099 -0.00339675 -0.00325089 -0.00302226 -0.00274055 -0.00243247 -0.00211961 -0.00181775 -0.00153726 -0.00128393 -0.00106013 -0.000865812 -0.000699405 -0.00055847 -0.000440179 -0.000341634 -0.000260054 -0.000192893 
0.00126062 0.0013756 0.00149888 0.0016295 0.00176563 0.00190428 0.00204086 0.00216869 0.0022785 0.00235792 0.00239122 0.00235937 0.00224095 0.002014 0.00165943 0.00116565 0.00053414 -0.000215534 -0.00104318 -0.00189002 -0.0026863 -0.00336326 -0.0038663 -0.004165 -0.00425678 -0.00416368 -0.00392428 -0.00358404 -0.003187 -0.0027703 -0.00236184 -0.00198019 -0.00163594 -0.0013336 -0.00107348 -0.000853252 -0.000669142 -0.000516791 -0.000391767 -0.000289887 -0.000207376 -0.000140928 
0.00137375 0.00151127 0.00166155 0.00182435 0.00199861 0.00218196 0.00237022 0.00255665 0.00273109 0.00287897 0.00298047 0.00300995 0.00293636 0.00272513 0.00234248 0.00176247 0.000976576 3.73362e-06 -0.00110281 -0.0022563 -0.00334807 -0.00426853 -0.00493141 -0.00529199 -0.00535289 -0.00515643 -0.00476867 -0.00426195 -0.00370155 -0.00313836 -0.00260705 -0.00212775 -0.00170938 -0.00135312 -0.00105545 -0.000810358 -0.000610887 -0.000450061 -0.00032141 -0.000219207 -0.000138539 -7.52797e-05 
0.00148814 0.00165038 0.00183087 0.00203049 0.00224942 0.00248659 0.00273902 0.00300083 0.00326188 0.00350621 0.00371012 0.00384047 0.00385379 0.00369728 0.00331358 0.00265069 0.00167786 0.000405088 -0.00110002 -0.00270804 -0.00424464 -0.00552857 -0.00641823 -0.00684682 -0.00683109 -0.00645323 -0.00582821 -0.00507204 -0.00428071 -0.00352179 -0.00283542 -0.00223993 -0.00173878 -0.00132646 -0.000993034 -0.000726967 -0.000516905 -0.000352528 -0.000224913 -0.000126588 -5.14293e-05 5.50662e-06 
0.00160104 0.00178974 0.00200322 0.00224395 0.00251397 0.0028144 0.00314463 0.00350107 0.00387539 0.00425204 0.00460499 0.00489398 0.00506095 0.00502837 0.00470247 0.00398542 0.00280009 0.00112687 -0.000957382 -0.00325899 -0.0054892 -0.00733492 -0.00855333 -0.00904326 -0.00885771 -0.00815935 -0.00715173 -0.00602114 -0.00490572 -0.0038899 -0.00301353 -0.00228581 -0.00169801 -0.00123282 -0.000870339 -0.000591312 -0.000378706 -0.000218198 -9.81356e-05 -9.23682e-06 5.5783e-05 0.000102586 
0.00170909 0.0019253 0.00217376 0.00245903 0.00278582 0.0031585 0.00358037 0.00405229 0.00457055 0.00512351 0.00568662 0.00621572 0.00663875 0.00684793 0.00669677 0.00601011 0.00461847 0.00242371 -0.000513911 -0.00390885 -0.00726637 -0.0100173 -0.0117228 -0.0122293 -0.011682 -0.010411 -0.00878204 -0.00709151 -0.00552873 -0.0041861 -0.00308822 -0.00222089 -0.00155239 -0.00104645 -0.000668931 -0.000390573 -0.000187603 -4.13394e-05 6.2593e-05 0.000135105 0.000184407 0.000216639 
0.0018084 0.00205214 0.00233635 0.00266821 0.00305585 0.00350816 0.00403425 0.00464227 0.00533723 0.00611711 0.0069663 0.00784518 0.00867503 0.00931857 0.00956111 0.00910554 0.00760676 0.00477761 0.000574378 -0.00460713 -0.00989003 -0.0141751 -0.0166168 -0.0169886 -0.0156754 -0.0133677 -0.0107273 -0.00821069 -0.00605006 -0.00431413 -0.00297967 -0.00198455 -0.00125847 -0.000737493 -0.000368982 -0.000111979 6.43598e-05 0.000182801 0.000259938 0.000307773 0.000334949 0.000347671 
0.00189464 0.00216467 0.00248377 0.00286214 0.00331214 0.00384841 0.00448792 0.00524948 0.00615217 0.00721188 0.00843416 0.00980093 0.0112472 0.0126244 0.0136497 0.0138559 0.0125866 0.00912756 0.00307109 -0.00514391 -0.0139181 -0.0209702 -0.0245383 -0.0243266 -0.0213735 -0.0171666 -0.0128924 -0.0091956 -0.00628397 -0.00412141 -0.00257574 -0.00149992 -0.00076611 -0.000274508 4.84817e-05 0.000255404 0.000383082 0.00045705 0.000494903 0.00050873 0.000506813 0.000494821 
0.00196327 0.00225685 0.00260792 0.00303003 0.00354026 0.00416004 0.00491615 0.00584145 0.00697513 0.00836141 0.0100445 0.0120558 0.0143862 0.0169302 0.0193876 0.0211145 0.0209715 0.0173532 0.0105196 0.048687 0.0471027 0.0471131 0.0494873 -0.0319775 -0.0294551 -0.0217689 -0.0149304 -0.00965919 -0.00591505 -0.00338558 -0.00173245 -0.00067912 -2.42137e-05 0.000370709 0.000597973 0.000718168 0.00077073 0.000781212 0.000766131 0.000736129 0.000698033 0.00065619 
0.00200985 0.00232258 0.00270043 0.00316025 0.00372402 0.00442051 0.00528749 0.00637461 0.00774668 0.00948706 0.0116994 0.0145035 0.0180149 0.0222863 0.0271645 0.0319925 0.0351575 0.047117 0.0471769 0.0471786 0.0471794 0.0471794 0.0471786 0.0471769 0.0468933 -0.02594 -0.0159532 -0.00888038 -0.00446205 -0.00181794 -0.0002887 0.000562249 0.00100816 0.00121555 0.00128468 0.00127554 0.0012239 0.00115098 0.00106927 0.000985949 0.000905065 0.000828737 
0.00203042 0.00235627 0.00275331 0.00324136 0.00384689 0.00460568 0.00556656 0.00679683 0.00838995 0.0104764 0.0132377 0.0169238 0.0218648 0.0284562 0.0370462 0.0475567 0.0471755 0.0471804 0.0471834 0.0471857 0.0471869 0.0471869 0.0471857 0.0471834 0.0471804 0.0471983 -0.0139665 -0.00569417 -0.00129695 0.000890427 0.00189436 0.00227828 0.00234526 0.00225694 0.00209901 0.00191637 0.001732 0.00155711 0.00139654 0.00125181 0.00112273 0.00100827 
0.00202187 0.00235337 0.00275989 0.00326341 0.00389388 0.00469274 0.00571816 0.0070532 0.00881836 0.0111916 0.0144399 0.0189697 0.0254042 0.0346927 0.0482234 0.0472179 0.0471825 0.0471873 0.0471915 0.0471947 0.0471965 0.0471965 0.0471947 0.0471915 0.0471873 0.0471825 0.0470453 0.00139988 0.00419159 0.00495111 0.00486395 0.0044553 0.00395541 0.00346174 0.00301195 0.00261701 0.00227639 0.00198509 0.00173674 0.00152504 0.00134431 0.00118959 
0.0019823 0.00231097 0.00271562 0.00321928 0.00385374 0.00466365 0.00571299 0.00709524 0.00895026 0.0114926 0.0150608 0.0202052 0.0278511 0.039605 0.0586315 0.0471826 0.047189 0.0471956 0.0472016 0.0472062 0.0472087 0.0472087 0.0472062 0.0472016 0.0471956 0.047189 0.0471823 0.0130567 0.0122073 0.0102881 0.00848982 0.00697489 0.00574581 0.00476108 0.00397342 0.0033412 0.00283074 0.00241569 0.00207571 0.00179514 0.00156191 0.00136669 
0.00191139 0.00222827 0.00261893 0.00310602 0.00372109 0.00450878 0.00553374 0.00689169 0.00872828 0.0112719 0.0148936 0.0202204 0.028364 0.0414075 0.0482983 0.0471879 0.0471965 0.0472055 0.047214 0.0472207 0.0472245 0.0472245 0.0472207 0.047214 0.0472055 0.0471965 0.0471879 0.045309 0.0220136 0.0163543 0.0124064 0.00959923 0.00756175 0.00605318 0.00491542 0.00404275 0.00336312 0.00282648 0.00239742 0.00205046 0.001767 0.00153321 
0.00181048 0.00210688 0.00247162 0.00292561 0.00349786 0.00422951 0.0051801 0.00643796 0.00813783 0.010492 0.0138475 0.0187975 0.0264111 0.0387433 0.0469855 0.0471935 0.0472048 0.0472171 0.0472292 0.0472392 0.0472449 0.0472449 0.0472392 0.0472292 0.0472171 0.0472048 0.0471935 0.0474206 0.0316924 0.0221261 0.0160465 0.0120017 0.00920804 0.00721737 0.005761 0.00467121 0.00383963 0.00319416 0.00268554 0.00227936 0.00195109 0.00168292 
0.00168262 0.00195076 0.002279 0.00268514 0.00319373 0.00383918 0.00467073 0.00576052 0.0072169 0.00920765 0.0120015 0.0160466 0.0221266 0.0316938 0.0474235 0.0471987 0.0472134 0.0472303 0.0472477 0.0472628 0.0472717 0.0472717 0.0472628 0.0472477 0.0472303 0.0472134 0.0471987 0.0469885 0.0387448 0.0264117 0.0187975 0.0138472 0.0104916 0.00813737 0.00643747 0.00517962 0.00422905 0.00349744 0.00292522 0.00247126 0.00210655 0.00181018 
0.00153232 0.00176601 0.00204938 0.00239624 0.0028252 0.00336175 0.0040413 0.00491394 0.00605175 0.0075605 0.0095984 0.0124064 0.0163558 0.0220176 0.0453172 0.0472027 0.0472214 0.0472442 0.0472695 0.0472928 0.0473073 0.0473073 0.0472928 0.0472695 0.0472442 0.0472214 0.0472027 0.0483065 0.0414115 0.0283655 0.0202204 0.0148927 0.0112707 0.00872686 0.00689021 0.00553229 0.00450741 0.00371981 0.00310485 0.00261785 0.00222729 0.00191049 
0.0013652 0.00156027 0.00179334 0.00207374 0.00241355 0.00282844 0.00333876 0.00397089 0.00475858 0.00574354 0.0069732 0.00848928 0.0102897 0.0122126 0.0130684 0.0472042 0.047227 0.0472571 0.0472939 0.0473314 0.0473565 0.0473565 0.0473314 0.0472939 0.0472571 0.047227 0.0472045 0.0586431 0.0396103 0.0278527 0.0202047 0.0150591 0.0114903 0.00894777 0.00709272 0.00571055 0.00466135 0.0038516 0.00321732 0.00271383 0.00230933 0.00198081 
0.00118751 0.00134203 0.00152254 0.00173399 0.00198209 0.00227314 0.00261353 0.00300831 0.00345805 0.00395188 0.00445233 0.0048622 0.0049517 0.0041964 0.00141204 0.0470699 0.0472277 0.0472653 0.0473179 0.0473804 0.0474287 0.0474287 0.0473804 0.0473179 0.0472653 0.0472277 0.0472426 0.0482355 0.0346975 0.0254047 0.0189679 0.0144369 0.0111881 0.00881467 0.00704956 0.00571469 0.00468949 0.00389088 0.00326066 0.00275738 0.00235108 0.00201979 
0.00100563 0.00111982 0.00124861 0.00139302 0.00155325 0.0017278 0.00191182 0.00209416 0.0022519 0.00234021 0.00227358 0.00189061 0.000888702 -0.00129484 -0.00568511 -0.0139451 0.0472414 0.0472618 0.0473313 0.0474379 0.047547 0.047547 0.0474379 0.0473313 0.0472618 0.0472186 0.0475781 0.0370553 0.0284583 0.0218631 0.0169201 0.013233 0.0104713 0.00838491 0.00679199 0.00556202 0.00460147 0.00384304 0.00323784 0.00275011 0.00235336 0.00202778 
0.000825547 0.000901547 0.000982069 0.00106499 0.00114628 0.00121874 0.0012699 0.00127858 0.00120904 0.00100136 0.000555414 -0.000295124 -0.00182316 -0.00446468 -0.008878 -0.0159415 -0.0259109 0.046956 0.0473097 0.0474707 0.0477787 0.0477787 0.0474707 0.0473097 0.0471797 0.0351866 0.0320042 0.0271669 0.0222836 0.0180097 0.014497 0.0116926 0.00948027 0.00774017 0.00636851 0.00528186 0.00441534 0.00371931 0.00315597 0.00269655 0.00231906 0.00200666 
0.000652475 0.000693932 0.000731598 0.000761124 0.00077568 0.000764624 0.000711445 0.000590599 0.000362673 -3.28838e-05 -0.00068833 -0.00174199 -0.00339507 -0.00592381 -0.00966603 -0.0149332 -0.021764 -0.0294352 -0.0319248 0.0496358 0.0479576 0.0479472 0.0488355 0.0105723 0.0173731 0.0209764 0.0211117 0.0193807 0.0169215 0.0143767 0.0120463 0.0100353 0.00835274 0.0069671 0.00583407 0.00490943 0.00415394 0.00353472 0.00302502 0.00260339 0.00225275 0.00195955 
0.000490613 0.000502164 0.000503587 0.000489207 0.000450735 0.000376078 0.000247634 3.98659e-05 -0.00028405 -0.000776658 -0.00151155 -0.00258851 -0.00413538 -0.00629921 -0.00921228 -0.012911 -0.0171885 -0.0214032 -0.0243794 -0.0246825 -0.0216247 -0.0145726 -0.00528814 0.00301828 0.00909791 0.0125647 0.0138373 0.013633 0.0126092 0.0112332 0.00978816 0.00842254 0.00720133 0.00614263 0.00524087 0.00448015 0.0038414 0.00330582 0.00285645 0.00247862 0.00216003 0.00189043 
0.000343006 0.000329792 0.000302064 0.000253605 0.000175764 5.65244e-05 -0.00012072 -0.000378751 -0.000748438 -0.00127077 -0.00199842 -0.00299542 -0.00433219 -0.00607111 -0.00823591 -0.0107589 -0.01341 -0.0157383 -0.0170941 -0.0168145 -0.0145177 -0.0102326 -0.00480478 0.000468877 0.00471479 0.00756438 0.00907395 0.00953589 0.00929752 0.00865697 0.00782943 0.00695242 0.00610481 0.00532628 0.0046325 0.00402551 0.00350033 0.00304881 0.00266187 0.00233064 0.00204699 0.00180374 
0.000211557 0.000178791 0.000128886 5.56883e-05 -4.90239e-05 -0.000196179 -0.000400173 -0.000679716 -0.00105862 -0.00156619 -0.00223666 -0.00310643 -0.00420742 -0.00555418 -0.00712273 -0.00882179 -0.010464 -0.0117565 -0.0123387 -0.0118826 -0.0102243 -0.00747331 -0.00406862 -0.000623318 0.00234917 0.00456545 0.00597037 0.00666555 0.00682249 0.00661743 0.00619751 0.00567085 0.0051097 0.00455838 0.0040415 0.00357077 0.00314993 0.00277814 0.00245213 0.00216754 0.00191968 0.00170401 
9.71342e-05 4.97611e-05 -1.59045e-05 -0.000105538 -0.000226441 -0.000387913 -0.000601635 -0.000881964 -0.00124598 -0.001713 -0.00230304 -0.00303353 -0.00391343 -0.00493389 -0.0060556 -0.00719494 -0.00821497 -0.00893084 -0.00913967 -0.00867595 -0.00747678 -0.00563106 -0.00338161 -0.00105379 0.00105374 0.00274447 0.00394221 0.00466801 0.00500019 0.00503741 0.00487398 0.00458777 0.00423705 0.00386223 0.00348944 0.00313431 0.0028052 0.00250573 0.00223655 0.00199656 0.00178372 0.00159559 
-2.66878e-07 -5.78002e-05 -0.000133636 -0.000232732 -0.00036123 -0.000526623 -0.000737862 -0.0010053 -0.00134036 -0.00175461 -0.00225812 -0.0028565 -0.00354652 -0.00431008 -0.00510745 -0.00587151 -0.00650678 -0.00689753 -0.00692814 -0.00651391 -0.00563351 -0.00434958 -0.00280371 -0.00118134 0.000338648 0.0016243 0.0026074 0.00327818 0.00366791 0.00382906 0.00381939 0.00369193 0.00349037 0.00324799 0.00298856 0.00272813 0.00247687 0.00224072 0.00202267 0.00182382 0.00164401 0.00148237 
-8.13241e-05 -0.000145199 -0.000226566 -0.000329563 -0.000459121 -0.00062099 -0.000821668 -0.00106817 -0.00136749 -0.00172571 -0.00214643 -0.00262859 -0.0031634 -0.00373093 -0.0042967 -0.00481005 -0.00520582 -0.00541146 -0.00536015 -0.00500795 -0.0043501 -0.00342963 -0.00233285 -0.00117097 -5.48401e-05 0.000927186 0.00172108 0.00230772 0.00269576 0.00291132 0.00298841 0.00296178 0.00286264 0.00271672 0.00254394 0.00235891 0.00217185 0.00198955 0.0018162 0.00165419 0.00150461 0.00136771 
-0.000147193 -0.000214267 -0.000297485 -0.000400168 -0.000526107 -0.000679506 -0.000864823 -0.00108645 -0.0013482 -0.00165245 -0.00199897 -0.00238332 -0.002795 -0.00321555 -0.00361719 -0.0039628 -0.0042083 -0.00430793 -0.00422248 -0.00392898 -0.0034289 -0.00275195 -0.0019527 -0.00110066 -0.000266677 0.000489525 0.00112713 0.00162629 0.00198545 0.00221625 0.0023379 0.00237244 0.00234141 0.0022639 0.00215572 0.00202929 0.00189392 0.00175631 0.0016211 0.00149128 0.00136871 0.00125435 
-0.000199328 -0.000267117 -0.000349404 -0.000448749 -0.000567947 -0.000709915 -0.000877504 -0.00107318 -0.00129855 -0.0015537 -0.00183631 -0.00214063 -0.00245637 -0.00276779 -0.00305332 -0.00328622 -0.0034367 -0.00347563 -0.00337968 -0.00313681 -0.00275058 -0.00224169 -0.00164582 -0.00100789 -0.000374469 0.000213494 0.000725729 0.00114467 0.00146473 0.00168986 0.00183031 0.00189963 0.00191229 0.00188203 0.00182093 0.00173907 0.00164446 0.00154321 0.00143986 0.00133762 0.00123868 0.00114443 
-0.000239332 -0.000305958 -0.000385311 -0.000479293 -0.000589865 -0.000718927 -0.000868125 -0.00103857 -0.00123044 -0.0014425 -0.0016715 -0.00191149 -0.00215327 -0.00238401 -0.00258732 -0.00274409 -0.00283408 -0.00283858 -0.00274355 -0.00254274 -0.00224006 -0.00185019 -0.00139708 -0.000910631 -0.000422237 3.95972e-05 0.00045252 0.000801989 0.00108132 0.00129053 0.00143462 0.00152161 0.00156099 0.0015624 0.00153486 0.00148625 0.00142319 0.00135099 0.00127381 0.00119476 0.00111612 0.00103951 
-0.000268842 -0.000332951 -0.000408023 -0.00049541 -0.000596409 -0.000712145 -0.0008434 -0.000990376 -0.0011524 -0.00132757 -0.00151235 -0.00170121 -0.00188632 -0.00205749 -0.00220241 -0.00230743 -0.00235875 -0.00234423 -0.0022553 -0.00208885 -0.00184851 -0.00154481 -0.00119425 -0.000817247 -0.000435435 -6.89705e-05 0.000265607 0.000556628 0.000797599 0.000986722 0.00112595 0.00121981 0.00127437 0.00129626 0.00129204 0.00126776 0.00122871 0.00117936 0.00112333 0.00106349 0.00100205 0.000940645 
-0.000289442 -0.000350117 -0.000420085 -0.000500251 -0.000591404 -0.000694104 -0.000808537 -0.000934337 -0.00107036 -0.00121446 -0.0013632 -0.0015117 -0.00165351 -0.00178065 -0.00188393 -0.00195359 -0.00198017 -0.00195568 -0.00187487 -0.00173634 -0.00154319 -0.00130312 -0.00102773 -0.000731293 -0.000429005 -0.000135341 0.000137391 0.000379966 0.000586592 0.000754759 0.000884736 0.000978886 0.00104095 0.0010754 0.00108693 0.00108008 0.001059 0.00102733 0.000988163 0.00094402 0.000896934 0.000848488 
-0.000302609 -0.000359286 -0.000423727 -0.000496492 -0.00057799 -0.000668383 -0.000767471 -0.000874558 -0.000988291 -0.00110651 -0.00122609 -0.00134287 -0.00145161 -0.00154613 -0.0016196 -0.00166499 -0.00167577 -0.00164666 -0.00157441 -0.00145853 -0.00130161 -0.00110935 -0.00089007 -0.000653926 -0.000411813 -0.000174268 4.94825e-05 0.000252189 0.000428903 0.000576969 0.00069578 0.000786369 0.000850947 0.000892461 0.000914213 0.000919555 0.000911688 0.000893522 0.000867612 0.000836134 0.000800891 0.000763346 
-0.000309679 -0.000362068 -0.000420858 -0.00048635 -0.000558681 -0.000637744 -0.000723106 -0.000813903 -0.000908737 -0.00100558 -0.00110168 -0.00119356 -0.00127703 -0.00134732 -0.00139934 -0.00142803 -0.00142883 -0.00139821 -0.00133419 -0.00123673 -0.00110798 -0.000952191 -0.000775456 -0.000585131 -0.000389148 -0.000195285 -1.0516e-05 0.000159469 0.000310537 0.000440165 0.000547332 0.000632282 0.000696232 0.00074107 0.000769075 0.000782688 0.000784338 0.000776316 0.000760701 0.00073932 0.000713738 0.000685264 
-0.000311831 -0.000359846 -0.000413074 -0.000471627 -0.000535452 -0.000604275 -0.000677533 -0.000754305 -0.000833242 -0.00091251 -0.000989756 -0.00106211 -0.00112624 -0.00117847 -0.001215 -0.00123217 -0.00122677 -0.00119644 -0.00113997 -0.00105756 -0.000950954 -0.000823392 -0.000679385 -0.000524353 -0.00036416 -0.000204621 -5.10515e-05 9.20749e-05 0.000221347 0.000334495 0.000430346 0.000508695 0.000570123 0.000615792 0.000647242 0.000666228 0.000674565 0.000674035 0.000666304 0.000652881 0.000635096 0.000614095 
