-0.0393384 -0.0423224 -0.0455242 -0.0489483 -0.0525957 -0.0564625 -0.0605384 -0.0648055 -0.069237 -0.0737953 -0.0784312 -0.0830834 -0.0876778 -0.092129 -0.096342 -0.100215 -0.103646 -0.106534 -0.108789 -0.110337 -0.111125 -0.111125 -0.110337 -0.108789 -0.106534 -0.103646 -0.100215 -0.096342 -0.092129 -0.0876778 -0.0830834 -0.0784312 -0.0737953 -0.069237 -0.0648055 -0.0605384 -0.0564625 -0.0525957 -0.0489483 -0.0455242 -0.0423224 -0.0393384 
-0.0402593 -0.0434759 -0.0469493 -0.050689 -0.0547006 -0.0589845 -0.0635344 -0.068335 -0.0733603 -0.0785713 -0.0839141 -0.089319 -0.0946991 -0.0999513 -0.104958 -0.109592 -0.113721 -0.117214 -0.119953 -0.121838 -0.1228 -0.1228 -0.121838 -0.119953 -0.117214 -0.113721 -0.109592 -0.104958 -0.0999513 -0.0946991 -0.089319 -0.0839141 -0.0785713 -0.0733603 -0.068335 -0.0635344 -0.0589845 -0.0547006 -0.050689 -0.0469493 -0.0434759 -0.0402593 
-0.0410858 -0.0445433 -0.0483022 -0.0523781 -0.0567831 -0.0615241 -0.0666006 -0.0720021 -0.0777058 -0.0836728 -0.089846 -0.0961471 -0.102475 -0.108706 -0.114694 -0.120279 -0.125288 -0.129551 -0.13291 -0.13523 -0.136416 -0.136416 -0.13523 -0.13291 -0.129551 -0.125288 -0.120279 -0.114694 -0.108706 -0.102475 -0.0961471 -0.089846 -0.0836728 -0.0777058 -0.0720021 -0.0666006 -0.0615241 -0.0567831 -0.0523781 -0.0483022 -0.0445433 -0.0410858 
-0.0417899 -0.0454937 -0.0495489 -0.0539791 -0.0588053 -0.0640431 -0.0697009 -0.0757762 -0.0822524 -0.0890939 -0.0962425 -0.103612 -0.111088 -0.11852 -0.12573 -0.132512 -0.138644 -0.143898 -0.148061 -0.150949 -0.152428 -0.152428 -0.150949 -0.148061 -0.143898 -0.138644 -0.132512 -0.12573 -0.11852 -0.111088 -0.103612 -0.0962425 -0.0890939 -0.0822524 -0.0757762 -0.0697009 -0.0640431 -0.0588053 -0.0539791 -0.0495489 -0.0454937 -0.0417899 
-0.0423398 -0.0462908 -0.0506487 -0.0554474 -0.0607191 -0.0664915 -0.0727856 -0.0796115 -0.0869631 -0.0948132 -0.103106 -0.111752 -0.12062 -0.129536 -0.138277 -0.146583 -0.15416 -0.160706 -0.165925 -0.169563 -0.171433 -0.171433 -0.169563 -0.165925 -0.160706 -0.15416 -0.146583 -0.138277 -0.129536 -0.12062 -0.111752 -0.103106 -0.0948132 -0.0869631 -0.0796115 -0.0727856 -0.0664915 -0.0607191 -0.0554474 -0.0506487 -0.0462908 -0.0423398 
-0.0427 -0.0468932 -0.0515541 -0.0567291 -0.0624647 -0.0688049 -0.075788 -0.0834422 -0.0917793 -0.100787 -0.110419 -0.120588 -0.131151 -0.141904 -0.152578 -0.162838 -0.1723 -0.18055 -0.187179 -0.191828 -0.194225 -0.194225 -0.191828 -0.187179 -0.18055 -0.1723 -0.162838 -0.152578 -0.141904 -0.131151 -0.120588 -0.110419 -0.100787 -0.0917793 -0.0834422 -0.075788 -0.0688049 -0.0624647 -0.0567291 -0.0515541 -0.0468932 -0.0427 
-0.042831 -0.0472541 -0.0522102 -0.0577605 -0.0639696 -0.0709022 -0.0786203 -0.0871778 -0.0966131 -0.106939 -0.118132 -0.130115 -0.142741 -0.155781 -0.16891 -0.181702 -0.193649 -0.204182 -0.212725 -0.218757 -0.221881 -0.221881 -0.218757 -0.212725 -0.204182 -0.193649 -0.181702 -0.16891 -0.155781 -0.142741 -0.130115 -0.118132 -0.106939 -0.0966131 -0.0871778 -0.0786203 -0.0709022 -0.0639696 -0.0577605 -0.0522102 -0.0472541 -0.042831 
-0.0426904 -0.0473223 -0.052555 -0.0584679 -0.065147 -0.0726835 -0.0811702 -0.0906964 -0.101339 -0.113153 -0.12615 -0.140283 -0.155419 -0.171312 -0.187576 -0.20368 -0.218946 -0.232587 -0.243775 -0.251742 -0.25589 -0.25589 -0.251742 -0.243775 -0.232587 -0.218946 -0.20368 -0.187576 -0.171312 -0.155419 -0.140283 -0.12615 -0.113153 -0.101339 -0.0906964 -0.0811702 -0.0726835 -0.065147 -0.0584679 -0.052555 -0.0473223 -0.0426904 
-0.0422339 -0.0470423 -0.0525202 -0.0587675 -0.0658959 -0.0740284 -0.0832973 -0.0938386 -0.105785 -0.119249 -0.134309 -0.150975 -0.169153 -0.188604 -0.208895 -0.229369 -0.249127 -0.26707 -0.281991 -0.292729 -0.298356 -0.298356 -0.292729 -0.281991 -0.26707 -0.249127 -0.229369 -0.208895 -0.188604 -0.169153 -0.150975 -0.134309 -0.119249 -0.105785 -0.0938386 -0.0832973 -0.0740284 -0.0658959 -0.0587675 -0.0525202 -0.0470423 -0.0422339 
-0.0414164 -0.0463565 -0.0520328 -0.0585674 -0.0661014 -0.0747957 -0.0848303 -0.0964021 -0.109717 -0.124977 -0.142356 -0.161965 -0.183803 -0.207684 -0.23316 -0.259447 -0.285369 -0.309382 -0.329694 -0.344504 -0.35233 -0.35233 -0.344504 -0.329694 -0.309382 -0.285369 -0.259447 -0.23316 -0.207684 -0.183803 -0.161965 -0.142356 -0.124977 -0.109717 -0.0964021 -0.0848303 -0.0747957 -0.0661014 -0.0585674 -0.0520328 -0.0463565 -0.0414164 
-0.040194 -0.0452075 -0.0510176 -0.05777 -0.0656378 -0.0748246 -0.0855674 -0.0981374 -0.112836 -0.129987 -0.149908 -0.172878 -0.199062 -0.22842 -0.260571 -0.294641 -0.329133 -0.361882 -0.390183 -0.411169 -0.422377 -0.422377 -0.411169 -0.390183 -0.361882 -0.329133 -0.294641 -0.260571 -0.22842 -0.199062 -0.172878 -0.149908 -0.129987 -0.112836 -0.0981374 -0.0855674 -0.0748246 -0.0656378 -0.05777 -0.0510176 -0.0452075 -0.040194 
-0.0385269 -0.0435408 -0.0494008 -0.0562761 -0.0643725 -0.0739398 -0.0852786 -0.0987477 -0.114768 -0.133819 -0.156426 -0.183119 -0.214357 -0.250397 -0.291094 -0.335621 -0.382176 -0.427761 -0.468253 -0.49894 -0.515564 -0.515564 -0.49894 -0.468253 -0.427761 -0.382176 -0.335621 -0.291094 -0.250397 -0.214357 -0.183119 -0.156426 -0.133819 -0.114768 -0.0987477 -0.0852786 -0.0739398 -0.0643725 -0.0562761 -0.0494008 -0.0435408 -0.0385269 
-0.036382 -0.041309 -0.0471152 -0.0539912 -0.0621741 -0.0719596 -0.0837152 -0.0978964 -0.115063 -0.13589 -0.161175 -0.191811 -0.228725 -0.272725 -0.324218 -0.382762 -0.446451 -0.511302 -0.571005 -0.617586 -0.643307 -0.643307 -0.617586 -0.571005 -0.511302 -0.446451 -0.382762 -0.324218 -0.272725 -0.228725 -0.191811 -0.161175 -0.13589 -0.115063 -0.0978964 -0.0837152 -0.0719596 -0.0621741 -0.0539912 -0.0471152 -0.041309 -0.036382 
-0.0337364 -0.0384762 -0.0441061 -0.0508336 -0.0589222 -0.0687088 -0.0806248 -0.0952236 -0.113214 -0.135497 -0.163205 -0.197722 -0.240665 -0.293763 -0.358534 -0.435635 -0.523747 -0.618086 -0.709158 -0.783092 -0.825006 -0.825006 -0.783092 -0.709158 -0.618086 -0.523747 -0.435635 -0.358534 -0.293763 -0.240665 -0.197722 -0.163205 -0.135497 -0.113214 -0.0952236 -0.0806248 -0.0687088 -0.0589222 -0.0508336 -0.0441061 -0.0384762 -0.0337364 
-0.0305808 -0.0350228 -0.0403383 -0.0467441 -0.0545213 -0.0640373 -0.0757757 -0.0903765 -0.108691 -0.131855 -0.161375 -0.199235 -0.247988 -0.310766 -0.391069 -0.492023 -0.614655 -0.754662 -0.854843 0.0268721 -0.00137722 -0.00137722 0.0268721 -0.854843 -0.754662 -0.614655 -0.492023 -0.391069 -0.310766 -0.247988 -0.199235 -0.161375 -0.131855 -0.108691 -0.0903765 -0.0757757 -0.0640373 -0.0545213 -0.0467441 -0.0403383 -0.0350228 -0.0305808 
-0.0269229 -0.0309504 -0.0358027 -0.0416959 -0.0489154 -0.0578419 -0.0689886 -0.0830547 -0.101003 -0.12417 -0.154428 -0.194401 -0.247761 -0.319546 -0.41638 -0.546145 -0.710127 -0.0033125 -0.000498766 -0.000521418 -0.000533231 -0.000533231 -0.000521418 -0.000498766 -0.0033125 -0.710127 -0.546145 -0.41638 -0.319546 -0.247761 -0.194401 -0.154428 -0.12417 -0.101003 -0.0830547 -0.0689886 -0.0578419 -0.0489154 -0.0416959 -0.0358027 -0.0309504 -0.0269229 
-0.0227895 -0.0262857 -0.030523 -0.0357049 -0.0421039 -0.0500903 -0.0601741 -0.0730675 -0.0897812 -0.111772 -0.141174 -0.181157 -0.236489 -0.31438 -0.425649 -0.584833 -0.000272327 -0.000531032 -0.000571472 -0.000601428 -0.000617423 -0.000617423 -0.000601428 -0.000571472 -0.000531032 -0.000272327 -0.584833 -0.425649 -0.31438 -0.236489 -0.181157 -0.141174 -0.111772 -0.0897812 -0.0730675 -0.0601741 -0.0500903 -0.0421039 -0.0357049 -0.030523 -0.0262857 -0.0227895 
-0.0182284 -0.0210831 -0.0245602 -0.0288369 -0.0341541 -0.0408434 -0.0493698 -0.0603967 -0.0748897 -0.0942851 -0.120769 -0.157756 -0.210713 -0.28863 -0.406664 -0.00183955 -0.000541655 -0.000602851 -0.000656843 -0.000697556 -0.000719544 -0.000719544 -0.000697556 -0.000656843 -0.000602851 -0.000541655 -0.00183955 -0.406664 -0.28863 -0.210713 -0.157756 -0.120769 -0.0942851 -0.0748897 -0.0603967 -0.0493698 -0.0408434 -0.0341541 -0.0288369 -0.0245602 -0.0210831 -0.0182284 
-0.0133079 -0.015425 -0.0180135 -0.0212118 -0.0252092 -0.0302697 -0.0367684 -0.0452497 -0.0565216 -0.071816 -0.0930675 -0.123418 -0.168165 -0.236639 -0.351945 -0.000525497 -0.000603982 -0.000684302 -0.000757116 -0.000813232 -0.000843972 -0.000843972 -0.000813232 -0.000757116 -0.000684302 -0.000603982 -0.000525497 -0.351945 -0.236639 -0.168165 -0.123418 -0.0930675 -0.071816 -0.0565216 -0.0452497 -0.0367684 -0.0302697 -0.0252092 -0.0212118 -0.0180135 -0.015425 -0.0133079 
-0.00811506 -0.00941956 -0.0110188 -0.0130007 -0.0154867 -0.0186474 -0.0227273 -0.0280854 -0.0352618 -0.0450943 -0.0589271 -0.0790044 -0.109253 -0.156932 -0.0223393 -0.000567191 -0.000669116 -0.000774922 -0.000874126 -0.000952722 -0.000996572 -0.000996572 -0.000952722 -0.000874126 -0.000774922 -0.000669116 -0.000567191 -0.0223393 -0.156932 -0.109253 -0.0790044 -0.0589271 -0.0450943 -0.0352618 -0.0280854 -0.0227273 -0.0186474 -0.0154867 -0.0130007 -0.0110188 -0.00941956 -0.00811506 
-0.002752 -0.00319628 -0.00374153 -0.00441814 -0.00526816 -0.00635089 -0.00775172 -0.00959658 -0.0120763 -0.0154893 -0.0203193 -0.0273855 -0.0381475 -0.0553673 0.00259244 -0.000604525 -0.000733071 -0.000872707 -0.00100941 -0.00112174 -0.00118597 -0.00118597 -0.00112174 -0.00100941 -0.000872707 -0.000733071 -0.000604525 0.00259244 -0.0553673 -0.0381475 -0.0273855 -0.0203193 -0.0154893 -0.0120763 -0.00959658 -0.00775172 -0.00635089 -0.00526816 -0.00441814 -0.00374153 -0.00319628 -0.002752 
0.00266939 0.0031018 0.0036329 0.0042925 0.00512193 0.00617957 0.00754959 0.00935633 0.0117885 0.0151418 0.0198964 0.0268667 0.0375067 0.0545713 -0.00358394 -0.000628744 -0.0007887 -0.000972783 -0.00116367 -0.00132865 -0.00142637 -0.00142637 -0.00132865 -0.00116367 -0.000972783 -0.0007887 -0.000628744 -0.00358394 0.0545713 0.0375067 0.0268667 0.0198964 0.0151418 0.0117885 0.00935633 0.00754959 0.00617957 0.00512193 0.0042925 0.0036329 0.0031018 0.00266939 
0.00803383 0.00932679 0.0109123 0.0128777 0.0153438 0.0184803 0.0225306 0.0278521 0.034983 0.0447585 0.0585193 0.0785051 0.108637 0.156166 0.021383 -0.000629607 -0.000823738 -0.00106456 -0.00133489 -0.00158641 -0.00174363 -0.00174363 -0.00158641 -0.00133489 -0.00106456 -0.000823738 -0.000629607 0.021383 0.156166 0.108637 0.0785051 0.0585193 0.0447585 0.034983 0.0278521 0.0225306 0.0184803 0.0153438 0.0128777 0.0109123 0.00932679 0.00803383 
0.0132294 0.0153355 0.0179112 0.021094 0.0250728 0.0301108 0.0365823 0.04503 0.0562603 0.0715029 0.0926893 0.122957 0.167598 0.235934 0.351062 -0.00059137 -0.00081799 -0.00112562 -0.00151187 -0.0019142 -0.00218889 -0.00218889 -0.0019142 -0.00151187 -0.00112562 -0.00081799 -0.00059137 0.351062 0.235934 0.167598 0.122957 0.0926893 0.0715029 0.0562603 0.04503 0.0365823 0.0301108 0.0250728 0.021094 0.0179112 0.0153355 0.0132294 
0.0181538 0.0209985 0.0244638 0.0287266 0.0340271 0.0406964 0.0491987 0.0601963 0.0746534 0.0940045 0.120433 0.15735 0.210217 0.288018 0.405896 0.000858013 -0.000740929 -0.00111032 -0.00165408 -0.00233211 -0.00287358 -0.00287358 -0.00233211 -0.00165408 -0.00111032 -0.000740929 0.000858013 0.405896 0.288018 0.210217 0.15735 0.120433 0.0940045 0.0746534 0.0601963 0.0491987 0.0406964 0.0340271 0.0287266 0.0244638 0.0209985 0.0181538 
0.0227199 0.0262072 0.0304342 0.0356039 0.0419886 0.0499581 0.0600218 0.0728911 0.0895759 0.111532 0.14089 0.18082 0.236084 0.313888 0.425038 0.584053 -0.000767202 -0.000936542 -0.00163587 -0.002806 -0.00407766 -0.00407766 -0.002806 -0.00163587 -0.000936542 -0.000767202 0.584053 0.425038 0.313888 0.236084 0.18082 0.14089 0.111532 0.0895759 0.0728911 0.0600218 0.0499581 0.0419886 0.0356039 0.0304342 0.0262072 0.0227199 
0.0268592 0.0308791 0.0357226 0.0416058 0.0488137 0.0577267 0.0688577 0.0829056 0.100832 0.123975 0.154204 0.194143 0.247461 0.319194 0.415962 0.54563 0.709455 0.00234105 -0.00115205 -0.00288673 -0.00663767 -0.00663767 -0.00288673 -0.00115205 0.00234105 0.709455 0.54563 0.415962 0.319194 0.247461 0.194143 0.154204 0.123975 0.100832 0.0829056 0.0688577 0.0577267 0.0488137 0.0416058 0.0357226 0.0308791 0.0268592 
0.0305236 0.0349594 0.0402679 0.0466658 0.0544343 0.0639404 0.0756678 0.0902565 0.108558 0.131707 0.161212 0.199058 0.247796 0.310562 0.390857 0.491808 0.614441 0.754436 0.854519 -0.0278641 -0.00793185 -0.00793185 -0.0278641 0.854519 0.754436 0.614441 0.491808 0.390857 0.310562 0.247796 0.199058 0.161212 0.131707 0.108558 0.0902565 0.0756678 0.0639404 0.0544343 0.0466658 0.0402679 0.0349594 0.0305236 
0.0336861 0.0384212 0.044046 0.0507678 0.0588504 0.0686307 0.0805403 0.0951329 0.113118 0.135397 0.163103 0.197624 0.240578 0.2937 0.358518 0.435703 0.523969 0.618604 0.71032 0.786101 0.836174 0.836174 0.786101 0.71032 0.618604 0.523969 0.435703 0.358518 0.2937 0.240578 0.197624 0.163103 0.135397 0.113118 0.0951329 0.0805403 0.0686307 0.0588504 0.0507678 0.044046 0.0384212 0.0336861 
0.0363389 0.0412626 0.0470654 0.0539379 0.0621175 0.0719 0.0836535 0.0978338 0.115001 0.135833 0.161128 0.191783 0.228729 0.272781 0.32436 0.383046 0.446978 0.512261 0.572783 0.620961 0.649016 0.649016 0.620961 0.572783 0.512261 0.446978 0.383046 0.32436 0.272781 0.228729 0.191783 0.161128 0.135833 0.115001 0.0978338 0.0836535 0.0719 0.0621175 0.0539379 0.0470654 0.0412626 0.0363389 
0.038491 0.043503 0.0493611 0.056235 0.0643306 0.0738979 0.0852382 0.098711 0.114738 0.133801 0.156427 0.183149 0.214432 0.250542 0.291344 0.336035 0.382845 0.428832 0.469946 0.501489 0.518886 0.518886 0.501489 0.469946 0.428832 0.382845 0.336035 0.291344 0.250542 0.214432 0.183149 0.156427 0.133801 0.114738 0.098711 0.0852382 0.0738979 0.0643306 0.056235 0.0493611 0.043503 0.038491 
0.0401652 0.0451779 0.0509876 0.0577404 0.0656094 0.0747988 0.0855462 0.0981236 0.112834 0.130001 0.149947 0.172953 0.199189 0.228622 0.260881 0.295107 0.329822 0.362881 0.391587 0.413015 0.424543 0.424543 0.413015 0.391587 0.362881 0.329822 0.295107 0.260881 0.228622 0.199189 0.172953 0.149947 0.130001 0.112834 0.0981236 0.0855462 0.0747988 0.0656094 0.0577404 0.0509876 0.0451779 0.0401652 
0.0413942 0.0463347 0.0520119 0.0585484 0.0660854 0.0747843 0.0848259 0.0964077 0.109737 0.125017 0.142423 0.162072 0.183963 0.207917 0.233493 0.259914 0.286013 0.310248 0.330813 0.345865 0.353846 0.353846 0.345865 0.330813 0.310248 0.286013 0.259914 0.233493 0.207917 0.183963 0.162072 0.142423 0.125017 0.109737 0.0964077 0.0848259 0.0747843 0.0660854 0.0585484 0.0520119 0.0463347 0.0413942 
0.042218 0.0470276 0.0525076 0.0587579 0.0658907 0.0740295 0.0833069 0.09386 0.105822 0.119308 0.134397 0.151101 0.16933 0.188847 0.209225 0.229808 0.2497 0.267798 0.28288 0.293757 0.299467 0.299467 0.293757 0.28288 0.267798 0.2497 0.229808 0.209225 0.188847 0.16933 0.151101 0.134397 0.119308 0.105822 0.09386 0.0833069 0.0740295 0.0658907 0.0587579 0.0525076 0.0470276 0.042218 
0.0426803 0.0473141 0.0525497 0.0584666 0.0651511 0.0726949 0.0811913 0.0907301 0.10139 0.113225 0.12625 0.14042 0.155602 0.171552 0.187889 0.204079 0.219444 0.233192 0.244485 0.252538 0.256735 0.256735 0.252538 0.244485 0.233192 0.219444 0.204079 0.187889 0.171552 0.155602 0.14042 0.12625 0.113225 0.10139 0.0907301 0.0811913 0.0726949 0.0651511 0.0584666 0.0525497 0.0473141 0.0426803 
0.0428259 0.0472518 0.0522113 0.0577663 0.0639815 0.0709219 0.0786502 0.0872208 0.0966727 0.10702 0.118239 0.130255 0.142922 0.156011 0.169198 0.182057 0.194078 0.204686 0.213299 0.219386 0.222541 0.222541 0.219386 0.213299 0.204686 0.194078 0.182057 0.169198 0.156011 0.142922 0.130255 0.118239 0.10702 0.0966727 0.0872208 0.0786502 0.0709219 0.0639815 0.0577663 0.0522113 0.0472518 0.0428259 
0.0426995 0.0468958 0.0515607 0.0567408 0.0624828 0.0688312 0.0758246 0.0834917 0.0918447 0.100872 0.110528 0.120726 0.131324 0.142118 0.152839 0.163151 0.172668 0.180971 0.187649 0.192334 0.194751 0.194751 0.192334 0.187649 0.180971 0.172668 0.163151 0.152839 0.142118 0.131324 0.120726 0.110528 0.100872 0.0918447 0.0834917 0.0758246 0.0688312 0.0624828 0.0567408 0.0515607 0.0468958 0.0426995 
0.0423433 0.0462976 0.0506598 0.0554639 0.0607421 0.0665227 0.072827 0.0796651 0.0870317 0.0948998 0.103214 0.111886 0.120784 0.129733 0.138511 0.146857 0.154476 0.16106 0.166313 0.169977 0.17186 0.17186 0.169977 0.166313 0.16106 0.154476 0.146857 0.138511 0.129733 0.120784 0.111886 0.103214 0.0948998 0.0870317 0.0796651 0.072827 0.0665227 0.0607421 0.0554639 0.0506598 0.0462976 0.0423433 
0.0417967 0.0455041 0.0495637 0.0539994 0.0588321 0.0640779 0.0697453 0.0758322 0.0823222 0.08918 0.0963476 0.103739 0.11124 0.118699 0.125939 0.132753 0.138916 0.144199 0.148386 0.151291 0.15278 0.15278 0.151291 0.148386 0.144199 0.138916 0.132753 0.125939 0.118699 0.11124 0.103739 0.0963476 0.08918 0.0823222 0.0758322 0.0697453 0.0640779 0.0588321 0.0539994 0.0495637 0.0455041 0.0417967 
0.0410954 0.0445566 0.04832 0.0524012 0.0568126 0.0615613 0.0666468 0.0720591 0.0777752 0.0837567 0.0899465 0.0962663 0.102615 0.108868 0.11488 0.120489 0.125522 0.129807 0.133184 0.135517 0.13671 0.13671 0.135517 0.133184 0.129807 0.125522 0.120489 0.11488 0.108868 0.102615 0.0962663 0.0899465 0.0837567 0.0777752 0.0720591 0.0666468 0.0615613 0.0568126 0.0524012 0.04832 0.0445566 0.0410954 
0.0402713 0.0434915 0.0469693 0.0507142 0.0547319 0.0590231 0.0635814 0.0683918 0.0734283 0.078652 0.0840092 0.08943 0.0948274 0.100098 0.105124 0.109777 0.113924 0.117434 0.120186 0.122082 0.123048 0.123048 0.122082 0.120186 0.117434 0.113924 0.109777 0.105124 0.100098 0.0948274 0.08943 0.0840092 0.078652 0.0734283 0.0683918 0.0635814 0.0590231 0.0547319 0.0507142 0.0469693 0.0434915 0.0402713 
0.0393522 0.0423399 0.0455459 0.048975 0.0526282 0.0565017 0.0605853 0.0648613 0.0693027 0.0738722 0.0785205 0.0831862 0.0877951 0.0922615 0.0964899 0.100379 0.103823 0.106724 0.108989 0.110545 0.111336 0.111336 0.110545 0.108989 0.106724 0.103823 0.100379 0.0964899 0.0922615 0.0877951 0.0831862 0.0785205 0.0738722 0.0693027 0.0648613 0.0605853 0.0565017 0.0526282 0.048975 0.0455459 0.0423399 0.0393522 
