-0.0393273 -0.0402468 -0.0410716 -0.041774 -0.0423221 -0.0426802 -0.0428091 -0.0426663 -0.0422075 -0.0413876 -0.0401628 -0.0384933 -0.0363461 -0.0336984 -0.0305409 -0.0268814 -0.0227468 -0.018185 -0.0132642 -0.00807179 -0.00270981 0.00270981 0.00807179 0.0132642 0.018185 0.0227468 0.0268814 0.0305409 0.0336984 0.0363461 0.0384933 0.0401628 0.0413876 0.0422075 0.0426663 0.0428091 0.0426802 0.0423221 0.041774 0.0410716 0.0402468 0.0393273 
-0.0423114 -0.0434633 -0.044529 -0.0454774 -0.0462725 -0.0468726 -0.0472312 -0.0472968 -0.0470141 -0.0463256 -0.0451738 -0.0435043 -0.0412697 -0.0384342 -0.0349784 -0.0309039 -0.0262376 -0.0210339 -0.0153753 -0.00937025 -0.00314807 0.00314807 0.00937025 0.0153753 0.0210339 0.0262376 0.0309039 0.0349784 0.0384342 0.0412697 0.0435043 0.0451738 0.0463256 0.0470141 0.0472968 0.0472312 0.0468726 0.0462725 0.0454774 0.044529 0.0434633 0.0423114 
-0.0455133 -0.0469367 -0.0482878 -0.0495324 -0.0506299 -0.0515329 -0.0521863 -0.0525282 -0.0524903 -0.0519997 -0.0509812 -0.049361 -0.0470721 -0.0440598 -0.0402889 -0.0357506 -0.0304688 -0.0245044 -0.017957 -0.0109623 -0.00368615 0.00368615 0.0109623 0.017957 0.0245044 0.0304688 0.0357506 0.0402889 0.0440598 0.0470721 0.049361 0.0509812 0.0519997 0.0524903 0.0525282 0.0521863 0.0515329 0.0506299 0.0495324 0.0482878 0.0469367 0.0455133 
-0.0489378 -0.0506766 -0.0523637 -0.0539626 -0.0554284 -0.0567073 -0.0577357 -0.0584398 -0.0587359 -0.0585321 -0.0577308 -0.0562328 -0.0539439 -0.0507823 -0.046689 -0.0416374 -0.0356435 -0.0287734 -0.021147 -0.0129357 -0.00435416 0.00435416 0.0129357 0.021147 0.0287734 0.0356435 0.0416374 0.046689 0.0507823 0.0539439 0.0562328 0.0577308 0.0585321 0.0587359 0.0584398 0.0577357 0.0567073 0.0554284 0.0539626 0.0523637 0.0506766 0.0489378 
-0.0525857 -0.0546886 -0.056769 -0.0587888 -0.0606999 -0.0624425 -0.063944 -0.0651178 -0.0658626 -0.0660639 -0.0655957 -0.0643257 -0.0621223 -0.0588656 -0.0544599 -0.0488497 -0.0420343 -0.0340816 -0.0251347 -0.0154115 -0.00519382 0.00519382 0.0154115 0.0251347 0.0340816 0.0420343 0.0488497 0.0544599 0.0588656 0.0621223 0.0643257 0.0655957 0.0660639 0.0658626 0.0651178 0.063944 0.0624425 0.0606999 0.0587888 0.056769 0.0546886 0.0525857 
-0.0564532 -0.0589732 -0.0615105 -0.064027 -0.0664724 -0.0687825 -0.0708761 -0.0726534 -0.0739937 -0.074756 -0.0747795 -0.0738891 -0.071903 -0.0686462 -0.0639689 -0.0577678 -0.0500113 -0.0407603 -0.0301836 -0.0185599 -0.00626396 0.00626396 0.0185599 0.0301836 0.0407603 0.0500113 0.0577678 0.0639689 0.0686462 0.071903 0.0738891 0.0747795 0.074756 0.0739937 0.0726534 0.0708761 0.0687825 0.0664724 0.064027 0.0615105 0.0589732 0.0564532 
-0.06053 -0.063524 -0.0665878 -0.0696854 -0.072767 -0.0757658 -0.0785941 -0.0811394 -0.0832613 -0.0847887 -0.0855195 -0.085224 -0.0836535 -0.0805558 -0.0756993 -0.0689051 -0.060084 -0.0492742 -0.0366686 -0.0226251 -0.0076494 0.0076494 0.0226251 0.0366686 0.0492742 0.060084 0.0689051 0.0756993 0.0805558 0.0836535 0.085224 0.0855195 0.0847887 0.0832613 0.0811394 0.0785941 0.0757658 0.072767 0.0696854 0.0665878 0.063524 0.06053 
-0.0647984 -0.0683258 -0.0719905 -0.0757618 -0.0795937 -0.0834207 -0.0871518 -0.0906653 -0.0938018 -0.0963588 -0.0980869 -0.0986893 -0.0978296 -0.0951478 -0.0902915 -0.0829606 -0.0729648 -0.0602864 -0.0451334 -0.0279652 -0.00947533 0.00947533 0.0279652 0.0451334 0.0602864 0.0729648 0.0829606 0.0902915 0.0951478 0.0978296 0.0986893 0.0980869 0.0963588 0.0938018 0.0906653 0.0871518 0.0834207 0.0795937 0.0757618 0.0719905 0.0683258 0.0647984 
-0.0692314 -0.0733527 -0.0776957 -0.0822394 -0.0869467 -0.0917588 -0.0965879 -0.101309 -0.105747 -0.109673 -0.112784 -0.114706 -0.114991 -0.113131 -0.108597 -0.100897 -0.089664 -0.0747623 -0.0563855 -0.0351197 -0.0119316 0.0119316 0.0351197 0.0563855 0.0747623 0.089664 0.100897 0.108597 0.113131 0.114991 0.114706 0.112784 0.109673 0.105747 0.101309 0.0965879 0.0917588 0.0869467 0.0822394 0.0776957 0.0733527 0.0692314 
-0.0737915 -0.0785655 -0.0836647 -0.0890829 -0.0947986 -0.100768 -0.106916 -0.113123 -0.119213 -0.124932 -0.129933 -0.133754 -0.135813 -0.135407 -0.13175 -0.124051 -0.111639 -0.0941376 -0.0716563 -0.0449254 -0.0153154 0.0153154 0.0449254 0.0716563 0.0941376 0.111639 0.124051 0.13175 0.135407 0.135813 0.133754 0.129933 0.124932 0.119213 0.113123 0.106916 0.100768 0.0947986 0.0890829 0.0836647 0.0785655 0.0737915 
-0.0784298 -0.0839108 -0.0898404 -0.096234 -0.103094 -0.110403 -0.118111 -0.126122 -0.134274 -0.142311 -0.149853 -0.156359 -0.161093 -0.163108 -0.16126 -0.154295 -0.141022 -0.120599 -0.0928798 -0.0587255 -0.0201089 0.0201089 0.0587255 0.0928798 0.120599 0.141022 0.154295 0.16126 0.163108 0.161093 0.156359 0.149853 0.142311 0.134274 0.126122 0.118111 0.110403 0.103094 0.096234 0.0898404 0.0839108 0.0784298 
-0.0830846 -0.0893186 -0.0961445 -0.103607 -0.111743 -0.120575 -0.130097 -0.140259 -0.150942 -0.161923 -0.172823 -0.183051 -0.191727 -0.197619 -0.199111 -0.194254 -0.180985 -0.157559 -0.123197 -0.0787629 -0.0271292 0.0271292 0.0787629 0.123197 0.157559 0.180985 0.194254 0.199111 0.197619 0.191727 0.183051 0.172823 0.161923 0.150942 0.140259 0.130097 0.120575 0.111743 0.103607 0.0961445 0.0893186 0.0830846 
-0.0876821 -0.094702 -0.102476 -0.111086 -0.120616 -0.131142 -0.142727 -0.155399 -0.169124 -0.183764 -0.19901 -0.21429 -0.22864 -0.240558 -0.247854 -0.247599 -0.236295 -0.210486 -0.167905 -0.108963 -0.0378338 0.0378338 0.108963 0.167905 0.210486 0.236295 0.247599 0.247854 0.240558 0.22864 0.21429 0.19901 0.183764 0.169124 0.155399 0.142727 0.131142 0.120616 0.111086 0.102476 0.094702 0.0876821 
-0.0921369 -0.0999581 -0.108711 -0.118523 -0.129536 -0.141901 -0.155773 -0.171297 -0.188581 -0.207651 -0.228374 -0.250334 -0.272641 -0.293653 -0.310626 -0.319371 -0.314164 -0.288371 -0.236334 -0.156584 -0.054982 0.054982 0.156584 0.236334 0.288371 0.314164 0.319371 0.310626 0.293653 0.272641 0.250334 0.228374 0.207651 0.188581 0.171297 0.155773 0.141901 0.129536 0.118523 0.108711 0.0999581 0.0921369 
-0.0963539 -0.10497 -0.114704 -0.125739 -0.138284 -0.152582 -0.168909 -0.18757 -0.208881 -0.233136 -0.260533 -0.291038 -0.32414 -0.358427 -0.390926 -0.416195 -0.425414 -0.406372 -0.351591 -0.0219232 0.00306589 -0.00306589 0.0219232 0.351591 0.406372 0.425414 0.416195 0.390926 0.358427 0.32414 0.291038 0.260533 0.233136 0.208881 0.18757 0.168909 0.152582 0.138284 0.125739 0.114704 0.10497 0.0963539 
-0.100232 -0.109608 -0.120295 -0.132528 -0.146597 -0.16285 -0.181711 -0.203684 -0.229366 -0.259434 -0.294615 -0.335577 -0.382694 -0.435536 -0.491884 -0.545956 -0.584583 -0.0015163 -0.000120204 -7.43283e-05 -2.53549e-05 2.53549e-05 7.43283e-05 0.000120204 0.0015163 0.584583 0.545956 0.491884 0.435536 0.382694 0.335577 0.294615 0.259434 0.229366 0.203684 0.181711 0.16285 0.146597 0.132528 0.120295 0.109608 0.100232 
-0.103667 -0.113742 -0.12531 -0.138667 -0.154183 -0.172322 -0.193669 -0.218962 -0.249138 -0.285371 -0.329124 -0.38215 -0.446401 -0.523664 -0.614529 -0.709943 -1.53184e-05 -0.000194215 -0.000149575 -9.45834e-05 -3.23907e-05 3.23907e-05 9.45834e-05 0.000149575 0.000194215 1.53184e-05 0.709943 0.614529 0.523664 0.446401 0.38215 0.329124 0.285371 0.249138 0.218962 0.193669 0.172322 0.154183 0.138667 0.12531 0.113742 0.103667 
-0.10656 -0.117241 -0.12958 -0.143929 -0.160737 -0.180582 -0.204214 -0.232618 -0.267098 -0.309404 -0.361895 -0.427759 -0.511279 -0.618031 -0.754561 -0.00314853 -0.000282668 -0.000245307 -0.000191332 -0.000122116 -4.20259e-05 4.20259e-05 0.000122116 0.000191332 0.000245307 0.000282668 0.00314853 0.754561 0.618031 0.511279 0.427759 0.361895 0.309404 0.267098 0.232618 0.204214 0.180582 0.160737 0.143929 0.12958 0.117241 0.10656 
-0.10882 -0.119987 -0.132946 -0.1481 -0.165967 -0.187224 -0.212772 -0.243823 -0.282039 -0.32974 -0.390224 -0.468283 -0.571018 -0.709142 -0.854784 -0.000374293 -0.000354389 -0.000313103 -0.000248019 -0.000160126 -5.5447e-05 5.5447e-05 0.000160126 0.000248019 0.000313103 0.000354389 0.000374293 0.854784 0.709142 0.571018 0.468283 0.390224 0.32974 0.282039 0.243823 0.212772 0.187224 0.165967 0.1481 0.132946 0.119987 0.10882 
-0.110374 -0.121879 -0.135274 -0.150997 -0.169616 -0.191885 -0.218819 -0.251809 -0.292799 -0.344578 -0.411243 -0.49901 -0.617646 -0.783132 0.02687 -0.000462263 -0.000447179 -0.000403717 -0.000325963 -0.000213509 -7.4512e-05 7.4512e-05 0.000213509 0.000325963 0.000403717 0.000447179 0.000462263 -0.02687 0.783132 0.617646 0.49901 0.411243 0.344578 0.292799 0.251809 0.218819 0.191885 0.169616 0.150997 0.135274 0.121879 0.110374 
-0.111167 -0.122847 -0.136468 -0.152486 -0.171497 -0.194296 -0.22196 -0.255977 -0.298452 -0.352435 -0.42249 -0.515682 -0.643426 -0.825117 -0.00146409 -0.000570948 -0.000567074 -0.000525646 -0.000434722 -0.000290095 -0.000102282 0.000102282 0.000290095 0.000434722 0.000525646 0.000567074 0.000570948 0.00146409 0.825117 0.643426 0.515682 0.42249 0.352435 0.298452 0.255977 0.22196 0.194296 0.171497 0.152486 0.136468 0.122847 0.111167 
-0.111173 -0.122853 -0.136476 -0.152495 -0.171508 -0.19431 -0.221977 -0.255998 -0.298478 -0.352469 -0.422533 -0.515736 -0.643495 -0.825204 -0.00157319 -0.000703716 -0.000721163 -0.000690726 -0.000589295 -0.000403208 -0.000144187 0.000144187 0.000403208 0.000589295 0.000690726 0.000721163 0.000703716 0.00157319 0.825204 0.643495 0.515736 0.422533 0.352469 0.298478 0.255998 0.221977 0.19431 0.171508 0.152495 0.136476 0.122853 0.111173 
-0.11039 -0.121898 -0.135298 -0.151025 -0.16965 -0.191926 -0.21887 -0.251872 -0.292878 -0.344677 -0.411368 -0.49917 -0.61785 -0.783391 0.0265444 -0.000861853 -0.000916736 -0.00091517 -0.000814197 -0.000577343 -0.000210842 0.000210842 0.000577343 0.000814197 0.00091517 0.000916736 0.000861853 -0.0265444 0.783391 0.61785 0.49917 0.411368 0.344677 0.292878 0.251872 0.21887 0.191926 0.16965 0.151025 0.135298 0.121898 0.11039 
-0.108847 -0.120018 -0.132984 -0.148145 -0.166022 -0.187291 -0.212854 -0.243925 -0.282167 -0.3299 -0.390427 -0.468542 -0.571348 -0.709564 -0.855319 -0.00104194 -0.00115836 -0.00121934 -0.0011505 -0.000861744 -0.000325755 0.000325755 0.000861744 0.0011505 0.00121934 0.00115836 0.00104194 0.855319 0.709564 0.571348 0.468542 0.390427 0.3299 0.282167 0.243925 0.212854 0.187291 0.166022 0.148145 0.132984 0.120018 0.108847 
-0.106596 -0.117284 -0.129631 -0.14399 -0.160812 -0.180673 -0.204325 -0.232754 -0.267269 -0.309618 -0.362166 -0.428104 -0.51172 -0.618599 -0.75529 -0.00407709 -0.00144039 -0.00162122 -0.00166466 -0.0013652 -0.000550335 0.000550335 0.0013652 0.00166466 0.00162122 0.00144039 0.00407709 0.75529 0.618599 0.51172 0.428104 0.362166 0.309618 0.267269 0.232754 0.204325 0.180673 0.160812 0.14399 0.129631 0.117284 0.106596 
-0.103712 -0.113796 -0.125373 -0.138742 -0.154274 -0.172432 -0.193804 -0.219129 -0.249344 -0.28563 -0.32945 -0.382564 -0.446932 -0.52435 -0.61542 -0.711103 -0.00152065 -0.00210995 -0.00243994 -0.00234698 -0.00108979 0.00108979 0.00234698 0.00243994 0.00210995 0.00152065 0.711103 0.61542 0.52435 0.446932 0.382564 0.32945 0.28563 0.249344 0.219129 0.193804 0.172432 0.154274 0.138742 0.125373 0.113796 0.103712 
-0.100284 -0.10967 -0.120368 -0.132615 -0.146702 -0.162977 -0.181866 -0.203874 -0.2296 -0.259725 -0.294981 -0.336041 -0.383287 -0.436302 -0.492886 -0.547282 -0.586363 -0.0039437 -0.00345038 -0.00435898 -0.00298533 0.00298533 0.00435898 0.00345038 0.0039437 0.586363 0.547282 0.492886 0.436302 0.383287 0.336041 0.294981 0.259725 0.2296 0.203874 0.181866 0.162977 0.146702 0.132615 0.120368 0.10967 0.100284 
-0.0964129 -0.105039 -0.114786 -0.125836 -0.1384 -0.152721 -0.169078 -0.187776 -0.209133 -0.233448 -0.260922 -0.291527 -0.324762 -0.359227 -0.39197 -0.417582 -0.427303 -0.409048 -0.355643 -0.0289432 -0.0129228 0.0129228 0.0289432 0.355643 0.409048 0.427303 0.417582 0.39197 0.359227 0.324762 0.291527 0.260922 0.233448 0.209133 0.187776 0.169078 0.152721 0.1384 0.125836 0.114786 0.105039 0.0964129 
-0.0922011 -0.100033 -0.108799 -0.118628 -0.12966 -0.142049 -0.155951 -0.171512 -0.188843 -0.207971 -0.22877 -0.250827 -0.273261 -0.294441 -0.311641 -0.3207 -0.315946 -0.290843 -0.239951 -0.162313 -0.0626742 0.0626742 0.162313 0.239951 0.290843 0.315946 0.3207 0.311641 0.294441 0.273261 0.250827 0.22877 0.207971 0.188843 0.171512 0.155951 0.142049 0.12966 0.118628 0.108799 0.100033 0.0922011 
-0.0877502 -0.0947813 -0.102569 -0.111195 -0.120744 -0.131295 -0.142909 -0.155617 -0.169387 -0.184083 -0.199399 -0.214767 -0.229231 -0.241295 -0.248781 -0.248776 -0.237805 -0.212434 -0.170381 -0.111768 -0.0394309 0.0394309 0.111768 0.170381 0.212434 0.237805 0.248776 0.248781 0.241295 0.229231 0.214767 0.199399 0.184083 0.169387 0.155617 0.142909 0.131295 0.120744 0.111195 0.102569 0.0947813 0.0877502 
-0.0831554 -0.0894005 -0.0962398 -0.103718 -0.111874 -0.120728 -0.130278 -0.140474 -0.151199 -0.16223 -0.173193 -0.183498 -0.192269 -0.198279 -0.199916 -0.195235 -0.182171 -0.158955 -0.124727 -0.0801285 -0.027721 0.027721 0.0801285 0.124727 0.158955 0.182171 0.195235 0.199916 0.198279 0.192269 0.183498 0.173193 0.16223 0.151199 0.140474 0.130278 0.120728 0.111874 0.103718 0.0962398 0.0894005 0.0831554 
-0.078502 -0.083994 -0.0899365 -0.0963453 -0.103224 -0.110554 -0.118288 -0.12633 -0.134519 -0.142601 -0.150196 -0.156766 -0.161576 -0.16368 -0.161934 -0.15508 -0.141915 -0.121566 -0.0938259 -0.0594628 -0.0203956 0.0203956 0.0594628 0.0938259 0.121566 0.141915 0.15508 0.161934 0.16368 0.161576 0.156766 0.150196 0.142601 0.134519 0.12633 0.118288 0.110554 0.103224 0.0963453 0.0899365 0.083994 0.078502 
-0.0738642 -0.0786487 -0.0837601 -0.0891927 -0.0949252 -0.100914 -0.107085 -0.11332 -0.119442 -0.125199 -0.130244 -0.134117 -0.136233 -0.135891 -0.132301 -0.124666 -0.1123 -0.0948076 -0.072262 -0.0453618 -0.0154765 0.0154765 0.0453618 0.072262 0.0948076 0.1123 0.124666 0.132301 0.135891 0.136233 0.134117 0.130244 0.125199 0.119442 0.11332 0.107085 0.100914 0.0949252 0.0891927 0.0837601 0.0786487 0.0738642 
-0.0693035 -0.0734347 -0.0777892 -0.0823461 -0.0870688 -0.0918987 -0.0967485 -0.101493 -0.105959 -0.109916 -0.113062 -0.115023 -0.11535 -0.113534 -0.109041 -0.101373 -0.0901545 -0.0752337 -0.0567892 -0.0353969 -0.012031 0.012031 0.0353969 0.0567892 0.0752337 0.0901545 0.101373 0.109041 0.113534 0.11535 0.115023 0.113062 0.109916 0.105959 0.101493 0.0967485 0.0918987 0.0870688 0.0823461 0.0777892 0.0734347 0.0693035 
-0.0648692 -0.0684058 -0.072081 -0.0758644 -0.0797101 -0.0835527 -0.0873018 -0.0908355 -0.0939947 -0.0965769 -0.0983324 -0.098964 -0.098134 -0.0954804 -0.0906475 -0.0833301 -0.0733312 -0.0606251 -0.0454127 -0.0281511 -0.0095408 0.0095408 0.0281511 0.0454127 0.0606251 0.0733312 0.0833301 0.0906475 0.0954804 0.098134 0.098964 0.0983324 0.0965769 0.0939947 0.0908355 0.0873018 0.0835527 0.0797101 0.0758644 0.072081 0.0684058 0.0648692 
-0.0605988 -0.0636013 -0.0666746 -0.069783 -0.0728768 -0.0758892 -0.0787327 -0.0812949 -0.0834353 -0.0849826 -0.0857343 -0.0854599 -0.0839096 -0.0808293 -0.0759846 -0.0691931 -0.0603613 -0.0495229 -0.0368681 -0.0227551 -0.00769465 0.00769465 0.0227551 0.0368681 0.0495229 0.0603613 0.0691931 0.0759846 0.0808293 0.0839096 0.0854599 0.0857343 0.0849826 0.0834353 0.0812949 0.0787327 0.0758892 0.0728768 0.069783 0.0666746 0.0636013 0.0605988 
-0.0565195 -0.0590472 -0.0615931 -0.064119 -0.0665751 -0.0688968 -0.0710033 -0.0727943 -0.0741495 -0.0749271 -0.0749662 -0.0740907 -0.0721178 -0.068871 -0.0641982 -0.057994 -0.0502239 -0.0409467 -0.0303302 -0.018654 -0.00629643 0.00629643 0.018654 0.0303302 0.0409467 0.0502239 0.057994 0.0641982 0.068871 0.0721178 0.0740907 0.0749662 0.0749271 0.0741495 0.0727943 0.0710033 0.0688968 0.0665751 0.064119 0.0615931 0.0590472 0.0565195 
-0.0526492 -0.0547589 -0.0568469 -0.058875 -0.0607952 -0.0625477 -0.0640598 -0.0652448 -0.0660013 -0.0662143 -0.0657574 -0.0644976 -0.0623024 -0.0590506 -0.0546452 -0.0490289 -0.0421996 -0.0342239 -0.0252449 -0.0154815 -0.00521782 0.00521782 0.0154815 0.0252449 0.0342239 0.0421996 0.0490289 0.0546452 0.0590506 0.0623024 0.0644976 0.0657574 0.0662143 0.0660013 0.0652448 0.0640598 0.0625477 0.0607952 0.058875 0.0568469 0.0547589 0.0526492 
-0.0489981 -0.0507431 -0.0524368 -0.0540428 -0.0555164 -0.0568036 -0.0578407 -0.0585537 -0.0588588 -0.0586638 -0.0578706 -0.0563794 -0.0540951 -0.0509353 -0.0468397 -0.0417808 -0.0357737 -0.028884 -0.0212316 -0.0129889 -0.00437235 0.00437235 0.0129889 0.0212316 0.028884 0.0357737 0.0417808 0.0468397 0.0509353 0.0540951 0.0563794 0.0578706 0.0586638 0.0588588 0.0585537 0.0578407 0.0568036 0.0555164 0.0540428 0.0524368 0.0507431 0.0489981 
-0.0455704 -0.0469992 -0.048356 -0.0496067 -0.0507108 -0.0516206 -0.052281 -0.05263 -0.052599 -0.0521149 -0.0511019 -0.049486 -0.0471993 -0.0441867 -0.0404123 -0.0358664 -0.0305726 -0.0245916 -0.0180231 -0.0110036 -0.00370021 0.00370021 0.0110036 0.0180231 0.0245916 0.0305726 0.0358664 0.0404123 0.0441867 0.0471993 0.049486 0.0511019 0.0521149 0.052599 0.05263 0.052281 0.0516206 0.0507108 0.0496067 0.048356 0.0469992 0.0455704 
-0.0423651 -0.0435217 -0.0445923 -0.045546 -0.0463465 -0.0469523 -0.0473165 -0.0473876 -0.0471101 -0.0464263 -0.0452781 -0.0436111 -0.0413772 -0.0385402 -0.0350801 -0.0309984 -0.0263214 -0.0211036 -0.0154278 -0.00940284 -0.00315913 0.00315913 0.00940284 0.0154278 0.0211036 0.0263214 0.0309984 0.0350801 0.0385402 0.0413772 0.0436111 0.0452781 0.0464263 0.0471101 0.0473876 0.0473165 0.0469523 0.0463465 0.045546 0.0445923 0.0435217 0.0423651 
-0.0393777 -0.0403012 -0.0411303 -0.0418371 -0.0423897 -0.0427524 -0.0428857 -0.0427472 -0.0422923 -0.0414756 -0.0402531 -0.0385848 -0.0364372 -0.0337873 -0.0306254 -0.0269591 -0.0228151 -0.0182413 -0.0133064 -0.00809788 -0.00271865 0.00271865 0.00809788 0.0133064 0.0182413 0.0228151 0.0269591 0.0306254 0.0337873 0.0364372 0.0385848 0.0402531 0.0414756 0.0422923 0.0427472 0.0428857 0.0427524 0.0423897 0.0418371 0.0411303 0.0403012 0.0393777 
