0.236045 0.241868 0.24782 0.253883 0.260039 0.266261 0.27252 0.278777 0.284992 0.291113 0.297085 0.302846 0.308329 0.31346 0.318167 0.322374 0.326011 0.329011 0.331316 0.33288 0.33367 0.33367 0.33288 0.331316 0.329011 0.326011 0.322374 0.318167 0.31346 0.308329 0.302846 0.297085 0.291113 0.284992 0.278777 0.27252 0.266261 0.260039 0.253883 0.24782 0.241868 0.236045 
0.24187 0.248147 0.254587 0.261174 0.26789 0.274708 0.281597 0.288518 0.295423 0.302258 0.308959 0.315454 0.321664 0.327504 0.332883 0.337711 0.341899 0.345364 0.348033 0.349848 0.350765 0.350765 0.349848 0.348033 0.345364 0.341899 0.337711 0.332883 0.327504 0.321664 0.315454 0.308959 0.302258 0.295423 0.288518 0.281597 0.274708 0.26789 0.261174 0.254587 0.248147 0.24187 
0.247824 0.254589 0.261558 0.268717 0.276048 0.283526 0.291118 0.298785 0.306474 0.314126 0.321668 0.329018 0.336082 0.342759 0.348941 0.354514 0.359368 0.363398 0.366511 0.368632 0.369706 0.369706 0.368632 0.366511 0.363398 0.359368 0.354514 0.348941 0.342759 0.336082 0.329018 0.321668 0.314126 0.306474 0.298785 0.291118 0.283526 0.276048 0.268717 0.261558 0.254589 0.247824 
0.253889 0.261179 0.268719 0.2765 0.284506 0.292714 0.301092 0.309597 0.318176 0.326763 0.335278 0.343626 0.351698 0.359372 0.366516 0.37299 0.378656 0.38338 0.387041 0.38954 0.390809 0.390809 0.38954 0.387041 0.38338 0.378656 0.37299 0.366516 0.359372 0.351698 0.343626 0.335278 0.326763 0.318176 0.309597 0.301092 0.292714 0.284506 0.2765 0.268719 0.261179 0.253889 
0.260047 0.267897 0.276053 0.284509 0.293254 0.302267 0.311518 0.320966 0.330556 0.340216 0.349859 0.359376 0.36864 0.377507 0.385813 0.393387 0.400052 0.405635 0.409978 0.412953 0.414465 0.414465 0.412953 0.409978 0.405635 0.400052 0.393387 0.385813 0.377507 0.36864 0.359376 0.349859 0.340216 0.330556 0.320966 0.311518 0.302267 0.293254 0.284509 0.276053 0.267897 0.260047 
0.266272 0.274718 0.283534 0.29272 0.30227 0.312169 0.322391 0.332897 0.343634 0.354526 0.365478 0.376368 0.38705 0.397351 0.407072 0.415999 0.423904 0.430563 0.435769 0.439346 0.441168 0.441168 0.439346 0.435769 0.430563 0.423904 0.415999 0.407072 0.397351 0.38705 0.376368 0.365478 0.354526 0.343634 0.332897 0.322391 0.312169 0.30227 0.29272 0.283534 0.274718 0.266272 
0.272534 0.28161 0.291129 0.301101 0.311524 0.322394 0.333692 0.345384 0.357419 0.369724 0.382196 0.394704 0.407078 0.419113 0.430569 0.441175 0.450638 0.458663 0.464971 0.469325 0.471548 0.471548 0.469325 0.464971 0.458663 0.450638 0.441175 0.430569 0.419113 0.407078 0.394704 0.382196 0.369724 0.357419 0.345384 0.333692 0.322394 0.311524 0.301101 0.291129 0.28161 0.272534 
0.278795 0.288534 0.298799 0.309609 0.320977 0.332905 0.345388 0.358402 0.371906 0.385828 0.400068 0.414482 0.428881 0.443026 0.456623 0.469332 0.480774 0.490556 0.498298 0.503667 0.506418 0.506418 0.503667 0.498298 0.490556 0.480774 0.469332 0.456623 0.443026 0.428881 0.414482 0.400068 0.385828 0.371906 0.358402 0.345388 0.332905 0.320977 0.309609 0.298799 0.288534 0.278795 
0.285013 0.295443 0.306493 0.318193 0.330571 0.343646 0.357428 0.371911 0.387066 0.402836 0.419125 0.435788 0.452618 0.469339 0.485599 0.500969 0.514957 0.527033 0.536669 0.543394 0.546853 0.546853 0.543394 0.536669 0.527033 0.514957 0.500969 0.485599 0.469339 0.452618 0.435788 0.419125 0.402836 0.387066 0.371911 0.357428 0.343646 0.330571 0.318193 0.306493 0.295443 0.285013 
0.291138 0.302283 0.314149 0.326785 0.340237 0.354544 0.369739 0.385839 0.402842 0.420713 0.439373 0.458684 0.478434 0.498314 0.517907 0.536678 0.553984 0.569104 0.581293 0.589868 0.594301 0.594301 0.589868 0.581293 0.569104 0.553984 0.536678 0.517907 0.498314 0.478434 0.458684 0.439373 0.420713 0.402842 0.385839 0.369739 0.354544 0.340237 0.326785 0.314149 0.302283 0.291138 
0.297115 0.308988 0.321696 0.335306 0.349885 0.365502 0.382218 0.400085 0.419138 0.43938 0.460767 0.483189 0.506444 0.530206 0.553995 0.577154 0.598846 0.618079 0.633786 0.644948 0.650755 0.650755 0.644948 0.633786 0.618079 0.598846 0.577154 0.553995 0.530206 0.506444 0.483189 0.460767 0.43938 0.419138 0.400085 0.382218 0.365502 0.349885 0.335306 0.321696 0.308988 0.297115 
0.302881 0.315489 0.329052 0.34366 0.359409 0.376399 0.394733 0.414507 0.43581 0.4587 0.483198 0.50925 0.536699 0.56523 0.594324 0.623197 0.650768 0.675671 0.696347 0.711234 0.719045 0.719045 0.711234 0.696347 0.675671 0.650768 0.623197 0.594324 0.56523 0.536699 0.50925 0.483198 0.4587 0.43581 0.414507 0.394733 0.376399 0.359409 0.34366 0.329052 0.315489 0.302881 
0.308368 0.321704 0.336122 0.351738 0.36868 0.387089 0.407115 0.428916 0.452649 0.478461 0.506464 0.53671 0.569138 0.603511 0.639321 0.675687 0.711251 0.744137 0.772034 0.792475 0.803325 0.803325 0.792475 0.772034 0.744137 0.711251 0.675687 0.639321 0.603511 0.569138 0.53671 0.506464 0.478461 0.452649 0.428916 0.407115 0.387089 0.36868 0.351738 0.336122 0.321704 0.308368 
0.313505 0.32755 0.342806 0.359419 0.377555 0.397398 0.41916 0.443071 0.469382 0.498353 0.530239 0.565255 0.603525 0.644991 0.689278 0.735507 0.782074 0.826452 0.865188 0.894259 0.909939 0.909939 0.894259 0.865188 0.826452 0.782074 0.735507 0.689278 0.644991 0.603525 0.565255 0.530239 0.498353 0.469382 0.443071 0.41916 0.397398 0.377555 0.359419 0.342806 0.32755 0.313505 
0.318217 0.332935 0.348994 0.366571 0.38587 0.40713 0.430627 0.45668 0.485655 0.51796 0.554043 0.594366 0.639353 0.689296 0.744175 0.803367 0.865212 0.926499 0.981762 1.00113 1.0009 1.0009 1.00113 0.981762 0.926499 0.865212 0.803367 0.744175 0.689296 0.639353 0.594366 0.554043 0.51796 0.485655 0.45668 0.430627 0.40713 0.38587 0.366571 0.348994 0.332935 0.318217 
0.322431 0.33777 0.354575 0.373054 0.393453 0.416067 0.441244 0.469402 0.501039 0.536747 0.577221 0.623258 0.67574 0.735549 0.803391 0.879414 0.962444 1.00091 1.00096 1.00097 1.00098 1.00098 1.00097 1.00096 1.00091 0.962444 0.879414 0.803391 0.735549 0.67574 0.623258 0.577221 0.536747 0.501039 0.469402 0.441244 0.416067 0.393453 0.373054 0.354575 0.33777 0.322431 
0.326074 0.341965 0.359437 0.378728 0.400127 0.423983 0.450719 0.480859 0.515044 0.554072 0.598933 0.650853 0.71133 0.782143 0.865266 0.962476 1.00099 1.00101 1.00104 1.00106 1.00107 1.00107 1.00106 1.00104 1.00101 1.00099 0.962476 0.865266 0.782143 0.71133 0.650853 0.598933 0.554072 0.515044 0.480859 0.450719 0.423983 0.400127 0.378728 0.359437 0.341965 0.326074 
0.32908 0.345437 0.363475 0.383461 0.405721 0.430654 0.458758 0.490656 0.527137 0.569212 0.61819 0.675783 0.744247 0.826557 0.926592 1.00098 1.00106 1.0011 1.00113 1.00115 1.00116 1.00116 1.00115 1.00113 1.0011 1.00106 1.00098 0.926592 0.826557 0.744247 0.675783 0.61819 0.569212 0.527137 0.490656 0.458758 0.430654 0.405721 0.383461 0.363475 0.345437 0.32908 
0.331391 0.348114 0.366597 0.387131 0.410075 0.435872 0.465081 0.498414 0.536792 0.581424 0.633923 0.696489 0.772179 0.865334 0.981902 1.00109 1.00114 1.00119 1.00123 1.00126 1.00128 1.00128 1.00126 1.00123 1.00119 1.00114 1.00109 0.981902 0.865334 0.772179 0.696489 0.633923 0.581424 0.536792 0.498414 0.465081 0.435872 0.410075 0.387131 0.366597 0.348114 0.331391 
0.332962 0.349935 0.368726 0.389641 0.413061 0.439462 0.469449 0.503801 0.543538 0.590023 0.645113 0.71141 0.792661 0.894453 1.00132 1.00117 1.00123 1.0013 1.00135 1.00139 1.00141 1.00141 1.00139 1.00135 1.0013 1.00123 1.00117 1.00132 0.894453 0.792661 0.71141 0.645113 0.590023 0.543538 0.503801 0.469449 0.439462 0.413061 0.389641 0.368726 0.349935 0.332962 
0.333758 0.35086 0.369808 0.390918 0.414584 0.441297 0.471687 0.50657 0.547018 0.59448 0.65095 0.719258 0.803555 0.910186 1.00117 1.00125 1.00134 1.00142 1.00149 1.00154 1.00157 1.00157 1.00154 1.00149 1.00142 1.00134 1.00125 1.00117 0.910186 0.803555 0.719258 0.65095 0.59448 0.547018 0.50657 0.471687 0.441297 0.414584 0.390918 0.369808 0.35086 0.333758 
0.333764 0.350867 0.369816 0.390928 0.414594 0.441309 0.471702 0.506587 0.54704 0.594506 0.650981 0.719296 0.803602 0.910244 1.00124 1.00134 1.00145 1.00155 1.00165 1.00172 1.00176 1.00176 1.00172 1.00165 1.00155 1.00145 1.00134 1.00124 0.910244 0.803602 0.719296 0.650981 0.594506 0.54704 0.506587 0.471702 0.441309 0.414594 0.390928 0.369816 0.350867 0.333764 
0.33298 0.349956 0.368749 0.389668 0.413093 0.439499 0.469493 0.503854 0.543601 0.590098 0.645205 0.711523 0.7928 0.894626 1.00154 1.00144 1.00157 1.0017 1.00183 1.00193 1.00199 1.00199 1.00193 1.00183 1.0017 1.00157 1.00144 1.00154 0.894626 0.7928 0.711523 0.645205 0.590098 0.543601 0.503854 0.469493 0.439499 0.413093 0.389668 0.368749 0.349956 0.33298 
0.331421 0.348148 0.366636 0.387177 0.410128 0.435933 0.465153 0.4985 0.536895 0.581547 0.634072 0.696672 0.772405 0.865615 0.982253 1.00153 1.00169 1.00186 1.00204 1.00219 1.00228 1.00228 1.00219 1.00204 1.00186 1.00169 1.00153 0.982253 0.865615 0.772405 0.696672 0.634072 0.581547 0.536895 0.4985 0.465153 0.435933 0.410128 0.387177 0.366636 0.348148 0.331421 
0.329121 0.345484 0.363529 0.383523 0.405792 0.430738 0.458857 0.490773 0.527276 0.569379 0.618392 0.67603 0.744551 0.826934 0.927064 1.00158 1.0018 1.00203 1.00227 1.0025 1.00264 1.00264 1.0025 1.00227 1.00203 1.0018 1.00158 0.927064 0.826934 0.744551 0.67603 0.618392 0.569379 0.527276 0.490773 0.458857 0.430738 0.405792 0.383523 0.363529 0.345484 0.329121 
0.326125 0.342024 0.359504 0.378806 0.400217 0.424087 0.450841 0.481003 0.515215 0.554277 0.599181 0.651154 0.7117 0.782602 0.86584 0.963198 1.0019 1.00218 1.00252 1.00287 1.00314 1.00314 1.00287 1.00252 1.00218 1.0019 0.963198 0.86584 0.782602 0.7117 0.651154 0.599181 0.554277 0.515215 0.481003 0.450841 0.424087 0.400217 0.378806 0.359504 0.342024 0.326125 
0.322492 0.33784 0.354655 0.373145 0.393558 0.416189 0.441386 0.46957 0.501238 0.536984 0.577505 0.623604 0.676162 0.736069 0.80404 0.880232 0.963487 1.00226 1.00273 1.0033 1.0039 1.0039 1.0033 1.00273 1.00226 0.963487 0.880232 0.80404 0.736069 0.676162 0.623604 0.577505 0.536984 0.501238 0.46957 0.441386 0.416189 0.393558 0.373145 0.354655 0.33784 0.322492 
0.318287 0.333015 0.349085 0.366674 0.385989 0.407267 0.430787 0.456868 0.485876 0.518222 0.554356 0.594743 0.639811 0.689858 0.744871 0.804238 0.866321 0.927937 0.983682 1.00383 1.00516 1.00516 1.00383 0.983682 0.927937 0.866321 0.804238 0.744871 0.689858 0.639811 0.594743 0.554356 0.518222 0.485876 0.456868 0.430787 0.407267 0.385989 0.366674 0.349085 0.333015 0.318287 
0.313583 0.327638 0.342906 0.359534 0.377685 0.397549 0.419334 0.443274 0.46962 0.498633 0.530571 0.565652 0.604004 0.645572 0.68999 0.736389 0.783181 0.827867 0.86704 0.896779 0.913503 0.913503 0.896779 0.86704 0.827867 0.783181 0.736389 0.68999 0.645572 0.604004 0.565652 0.530571 0.498633 0.46962 0.443274 0.419334 0.397549 0.377685 0.359534 0.342906 0.327638 0.313583 
0.308453 0.3218 0.336231 0.351861 0.36882 0.38725 0.4073 0.42913 0.452899 0.478752 0.506807 0.537116 0.569622 0.604092 0.640023 0.676542 0.712301 0.745439 0.773659 0.794494 0.805697 0.805697 0.794494 0.773659 0.745439 0.712301 0.676542 0.640023 0.604092 0.569622 0.537116 0.506807 0.478752 0.452899 0.42913 0.4073 0.38725 0.36882 0.351861 0.336231 0.3218 0.308453 
0.302971 0.315591 0.329166 0.343789 0.359556 0.376567 0.394925 0.414729 0.436065 0.458997 0.483544 0.509656 0.537177 0.565796 0.594997 0.624 0.651729 0.676822 0.697713 0.712818 0.720781 0.720781 0.712818 0.697713 0.676822 0.651729 0.624 0.594997 0.565796 0.537177 0.509656 0.483544 0.458997 0.436065 0.414729 0.394925 0.376567 0.359556 0.343789 0.329166 0.315591 0.302971 
0.29721 0.309095 0.321816 0.335441 0.350038 0.365675 0.382415 0.400311 0.419397 0.439677 0.46111 0.483587 0.506907 0.530746 0.554626 0.577892 0.599707 0.619077 0.634925 0.646213 0.652097 0.652097 0.646213 0.634925 0.619077 0.599707 0.577892 0.554626 0.530746 0.506907 0.483587 0.46111 0.439677 0.419397 0.400311 0.382415 0.365675 0.350038 0.335441 0.321816 0.309095 0.29721 
0.291237 0.302393 0.314273 0.326924 0.340392 0.354719 0.369937 0.386065 0.403099 0.421006 0.439708 0.459069 0.478876 0.498822 0.518491 0.537347 0.554747 0.569965 0.582248 0.590901 0.595378 0.595378 0.590901 0.582248 0.569965 0.554747 0.537347 0.518491 0.498822 0.478876 0.459069 0.439708 0.421006 0.403099 0.386065 0.369937 0.354719 0.340392 0.326924 0.314273 0.302393 0.291237 
0.285115 0.295556 0.306619 0.318334 0.330728 0.343823 0.357626 0.372134 0.387318 0.403122 0.419449 0.436155 0.453035 0.469812 0.486134 0.501571 0.51563 0.527777 0.537478 0.544254 0.547741 0.547741 0.544254 0.537478 0.527777 0.51563 0.501571 0.486134 0.469812 0.453035 0.436155 0.419449 0.403122 0.387318 0.372134 0.357626 0.343823 0.330728 0.318334 0.306619 0.295556 0.285115 
0.278899 0.288649 0.298927 0.309751 0.321134 0.33308 0.345584 0.358622 0.372152 0.386104 0.400378 0.41483 0.429272 0.443463 0.457111 0.469873 0.481369 0.491203 0.49899 0.504394 0.507163 0.507163 0.504394 0.49899 0.491203 0.481369 0.469873 0.457111 0.443463 0.429272 0.41483 0.400378 0.386104 0.372152 0.358622 0.345584 0.33308 0.321134 0.309751 0.298927 0.288649 0.278899 
0.272638 0.281725 0.291257 0.301242 0.311681 0.322567 0.333884 0.345597 0.357657 0.369989 0.382491 0.395032 0.407442 0.419516 0.431013 0.44166 0.451165 0.459229 0.46557 0.469948 0.472184 0.472184 0.469948 0.46557 0.459229 0.451165 0.44166 0.431013 0.419516 0.407442 0.395032 0.382491 0.369989 0.357657 0.345597 0.333884 0.322567 0.311681 0.301242 0.291257 0.281725 0.272638 
0.266377 0.274833 0.28366 0.292859 0.302424 0.312338 0.322578 0.333104 0.343863 0.354779 0.365756 0.376675 0.387388 0.397721 0.407476 0.416436 0.424373 0.431062 0.436292 0.439887 0.441718 0.441718 0.439887 0.436292 0.431062 0.424373 0.416436 0.407476 0.397721 0.387388 0.376675 0.365756 0.354779 0.343863 0.333104 0.322578 0.312338 0.302424 0.292859 0.28366 0.274833 0.266377 
0.260152 0.268011 0.276178 0.284647 0.293405 0.302432 0.3117 0.321166 0.330775 0.340456 0.350122 0.359663 0.368954 0.377847 0.38618 0.393781 0.400471 0.406076 0.410439 0.413427 0.414945 0.414945 0.413427 0.410439 0.406076 0.400471 0.393781 0.38618 0.377847 0.368954 0.359663 0.350122 0.340456 0.330775 0.321166 0.3117 0.302432 0.293405 0.284647 0.276178 0.268011 0.260152 
0.253994 0.261292 0.268843 0.276635 0.284654 0.292875 0.301267 0.309788 0.318385 0.326991 0.335525 0.343894 0.351988 0.359684 0.36685 0.373346 0.379032 0.383774 0.387449 0.389959 0.391232 0.391232 0.389959 0.387449 0.383774 0.379032 0.373346 0.36685 0.359684 0.351988 0.343894 0.335525 0.326991 0.318385 0.309788 0.301267 0.292875 0.284654 0.276635 0.268843 0.261292 0.253994 
0.247927 0.254701 0.261679 0.268849 0.276191 0.283681 0.291287 0.298968 0.306673 0.314341 0.3219 0.329268 0.336351 0.343047 0.349246 0.354837 0.359707 0.363752 0.366876 0.369005 0.370083 0.370083 0.369005 0.366876 0.363752 0.359707 0.354837 0.349246 0.343047 0.336351 0.329268 0.3219 0.314341 0.306673 0.298968 0.291287 0.283681 0.276191 0.268849 0.261679 0.254701 0.247927 
0.241972 0.248257 0.254706 0.261303 0.268029 0.274858 0.281759 0.288692 0.295611 0.302461 0.309177 0.315688 0.321914 0.327769 0.333163 0.338006 0.342207 0.345683 0.348361 0.350181 0.351102 0.351102 0.350181 0.348361 0.345683 0.342207 0.338006 0.333163 0.327769 0.321914 0.315688 0.309177 0.302461 0.295611 0.288692 0.281759 0.274858 0.268029 0.261303 0.254706 0.248257 0.241972 
0.236145 0.241976 0.247935 0.254008 0.260173 0.266405 0.272675 0.278944 0.285171 0.291305 0.29729 0.303064 0.30856 0.313704 0.318424 0.322643 0.326291 0.3293 0.331612 0.333181 0.333974 0.333974 0.333181 0.331612 0.3293 0.326291 0.322643 0.318424 0.313704 0.30856 0.303064 0.29729 0.291305 0.285171 0.278944 0.272675 0.266405 0.260173 0.254008 0.247935 0.241976 0.236145 
