0 1.1 1 0 0 2.56983
0.1 1.02964 0.990672 -1.40847 -0.175393 2.56968
0.2 0.818741 0.969353 -2.79239 -0.219592 2.5692
0.3 0.480123 0.954381 -3.89359 -0.0415927 2.56915
0.4 0.0662681 0.967464 -4.22517 0.319854 2.56983
0.5 -0.331877 1.01815 -3.60646 0.675288 2.56932
0.6 -0.636959 1.0965 -2.45322 0.85828 2.56924
0.7 -0.821055 1.18341 -1.24227 0.854588 2.56963
0.8 -0.890321 1.26381 -0.170079 0.743304 2.56981
0.9 -0.860581 1.33157 0.738447 0.615762 2.56983
1 -0.748042 1.38888 1.48358 0.54426 2.56982
1.1 -0.570426 1.44375 2.03124 0.570683 2.56987
1.2 -0.350456 1.5064 2.32129 0.696284 2.57003
1.3 -0.116068 1.58502 2.31921 0.880712 2.57017
1.4 0.104695 1.68245 2.06056 1.06285 2.5702
1.5 0.290556 1.79581 1.63835 1.1933 2.57022
1.6 0.430251 1.91871 1.15155 1.25304 2.57027
1.7 0.521075 2.04431 0.669395 1.25028 2.57033
1.8 0.565525 2.16743 0.227946 1.20765 2.57036
1.9 0.568544 2.28538 -0.157687 1.15101 2.57038
2 0.536062 2.39792 -0.481369 1.10282 2.57039
2.1 0.474473 2.50676 -0.73917 1.07889 2.5704
2.2 0.390556 2.61478 -0.927363 1.08689 2.57042
2.3 0.291416 2.7252 -1.04343 1.12622 2.57044
2.4 0.18426 2.84082 -1.08818 1.18929 2.57046
2.5 0.075983 2.96346 -1.06722 1.26425 2.57048
2.6 -0.0273295 3.09364 -0.990913 1.33827 2.57049
2.7 -0.120798 3.23071 -0.872672 1.40063 2.57049
2.8 -0.200937 3.37314 -0.726631 1.4446 2.5705
2.9 -0.265628 3.51894 -0.565642 1.46787 2.57051
3 -0.313921 3.66607 -0.400181 1.47199 2.57051
3.1 -0.345782 3.81284 -0.238118 1.46117 2.57052
3.2 -0.361848 3.958 -0.0850623 1.44104 2.57052
3.3 -0.363227 4.10093 0.0550897 1.41751 2.57052
3.4 -0.351353 4.24157 0.179629 1.39599 2.57053
3.5 -0.327887 4.38034 0.286653 1.38075 2.57053
3.6 -0.294651 4.51803 0.374854 1.37462 2.57053
3.7 -0.253572 4.65561 0.443441 1.37886 2.57054
3.8 -0.206627 4.79414 0.492156 1.39322 2.57054
3.9 -0.155794 4.93454 0.521312 1.41614 2.57054
4 -0.102988 5.07757 0.531821 1.44516 2.57054
4.1 -0.0500038 5.22368 0.525161 1.47729 2.57055
4.2 0.00153608 5.37303 0.503292 1.50949 2.57055
4.3 0.0502234 5.52549 0.468511 1.53902 2.57055
4.4 0.0948901 5.68067 0.423299 1.56373 2.57055
4.5 0.134619 5.83802 0.370158 1.58222 2.57055
4.6 0.168737 5.99689 0.311485 1.59388 2.57055
4.7 0.196805 6.15658 0.249474 1.59883 2.57055
4.8 0.218586 6.31645 0.186073 1.59784 2.57055
4.9 0.234029 6.47599 0.122959 1.59211 2.57056
5 0.243235 6.63477 0.0615513 1.58312 2.57056
5.1 0.246436 6.79255 0.00303127 1.57248 2.57056
5.2 0.243971 6.94926 -0.051631 1.56174 2.57056
5.3 0.236265 7.10495 -0.101649 1.5523 2.57056
5.4 0.223817 7.2598 -0.1464 1.54532 2.57056
5.5 0.207177 7.41412 -0.185407 1.54161 2.57056
5.6 0.186939 7.56825 -0.218332 1.54164 2.57056
5.7 0.163721 7.72258 -0.244967 1.54555 2.57056
5.8 0.138158 7.87748 -0.265236 1.55314 2.57056
5.9 0.110884 8.03331 -0.279187 1.56393 2.57056
6 0.0825257 8.19035 -0.286986 1.57722 2.57056
6.1 0.0536834 8.34881 -0.288912 1.59218 2.57056
6.2 0.0249267 8.50881 -0.285344 1.60791 2.57056
6.3 -0.00321735 8.67039 -0.276742 1.62351 2.57056
6.4 -0.0302712 8.83349 -0.263631 1.63817 2.57056
6.5 -0.0558121 8.99797 -0.246582 1.6512 2.57056
6.6 -0.0794762 9.16365 -0.226193 1.66205 2.57056
6.7 -0.100959 9.33029 -0.203067 1.67038 2.57056
6.8 -0.120018 9.49764 -0.177801 1.67602 2.57056
6.9 -0.136468 9.66541 -0.150972 1.679 2.57056
7 -0.150179 9.83335 -0.123125 1.6795 2.57056
7.1 -0.161076 10.0012 -0.0947693 1.67783 2.57056
7.2 -0.169131 10.1689 -0.0663728 1.6744 2.57056
7.3 -0.174363 10.3361 -0.0383608 1.66972 2.57057
7.4 -0.176829 10.5028 -0.0111149 1.66429 2.57057
7.5 -0.176623 10.6689 0.015026 1.65865 2.57057
7.6 -0.173871 10.8345 0.0397647 1.65329 2.57057
7.7 -0.168726 10.9996 0.0628444 1.64866 2.57057
7.8 -0.161365 11.1643 0.0840473 1.64511 2.57057
7.9 -0.151985 11.3287 0.103194 1.64295 2.57057
8 -0.140799 11.4929 0.120141 1.64235 2.57057
8.1 -0.128034 11.6572 0.134781 1.64342 2.57057
8.2 -0.113922 11.8217 0.147044 1.64614 2.57057
8.3 -0.0987054 11.9865 0.156891 1.65043 2.57057
8.4 -0.0826248 12.1518 0.164319 1.65611 2.57057
8.5 -0.0659215 12.3177 0.169353 1.66295 2.57057
8.6 -0.0488321 12.4844 0.172052 1.67068 2.57057
8.7 -0.0315862 12.6519 0.172499 1.67897 2.57057
8.8 -0.0144038 12.8202 0.170803 1.68752 2.57057
8.9 0.00250719 12.9894 0.167094 1.69599 2.57057
9 0.0189527 13.1594 0.16152 1.70409 2.57057
9.1 0.0347544 13.3302 0.154245 1.71156 2.57057
9.2 0.0497507 13.5017 0.145442 1.71817 2.57057
9.3 0.063798 13.6738 0.135294 1.72374 2.57057
9.4 0.0767709 13.8464 0.123987 1.72817 2.57057
9.5 0.088563 14.0194 0.111709 1.73138 2.57057
9.6 0.0990866 14.1926 0.0986464 1.73338 2.57057
9.7 0.108272 14.366 0.084982 1.7342 2.57057
9.8 0.116069 14.5394 0.0708936 1.73394 2.57057
9.9 0.122443 14.7128 0.0565515 1.73273 2.57057
10 0.127376 14.886 0.042118 1.73074 2.57057
10.1 0.130868 15.0589 0.027746 1.72814 2.57057
10.2 0.132932 15.2316 0.0135783 1.72515 2.57057
10.3 0.133595 15.4039 -0.000252568 1.72195 2.57057
10.4 0.132897 15.576 -0.013625 1.71876 2.57057
10.5 0.130889 15.7477 -0.0264285 1.71576 2.57057
10.6 0.127634 15.9191 -0.0385635 1.71312 2.57057
10.7 0.123202 16.0903 -0.0499421 1.711 2.57057
10.8 0.117673 16.2614 -0.0604872 1.70951 2.57057
10.9 0.111134 16.4323 -0.0701332 1.70875 2.57057
11 0.103678 16.6031 -0.0788257 1.70877 2.57057
11.1 0.0954023 16.774 -0.0865215 1.7096 2.57057
11.2 0.0864081 16.9451 -0.0931879 1.71124 2.57057
11.3 0.0767998 17.1163 -0.0988035 1.71365 2.57057
11.4 0.0666829 17.2878 -0.103357 1.71676 2.57057
11.5 0.0561638 17.4597 -0.106847 1.7205 2.57057
11.6 0.0453486 17.6319 -0.109283 1.72474 2.57057
11.7 0.0343418 17.8046 -0.110682 1.72939 2.57057
11.8 0.0232459 17.9778 -0.111071 1.7343 2.57057
11.9 0.0121602 18.1515 -0.110484 1.73934 2.57057
12 0.00118026 18.3257 -0.108963 1.74439 2.57057
12.1 -0.00960278 18.5004 -0.106555 1.7493 2.57057
12.2 -0.020103 18.6756 -0.103315 1.75397 2.57057
12.3 -0.03024 18.8512 -0.0993016 1.75829 2.57057
12.4 -0.0399396 19.0272 -0.0945768 1.76216 2.57057
12.5 -0.0491339 19.2036 -0.0892064 1.76551 2.57057
12.6 -0.0577616 19.3803 -0.0832584 1.7683 2.57057
12.7 -0.0657686 19.5572 -0.0768027 1.77047 2.57057
12.8 -0.0731076 19.7344 -0.0699095 1.77203 2.57057
12.9 -0.0797383 19.9116 -0.0626496 1.77298 2.57057
13 -0.0856276 20.0889 -0.0550932 1.77333 2.57057
13.1 -0.0907494 20.2663 -0.0473094 1.77314 2.57057
13.2 -0.0950842 20.4435 -0.039366 1.77246 2.57057
13.3 -0.0986194 20.6207 -0.0313288 1.77135 2.57057
13.4 -0.101349 20.7978 -0.0232613 1.7699 2.57057
13.5 -0.103273 20.9747 -0.0152244 1.76818 2.57057
13.6 -0.104397 21.1514 -0.00727606 1.76629 2.57057
13.7 -0.104733 21.328 0.000528774 1.76432 2.57057
13.8 -0.104298 21.5043 0.00813854 1.76235 2.57057
13.9 -0.103113 21.6804 0.0155051 1.76047 2.57057
14 -0.101206 21.8564 0.0225841 1.75877 2.57057
14.1 -0.0986073 22.0322 0.0293346 1.7573 2.57057
14.2 -0.0953514 22.2079 0.0357197 1.75614 2.57057
14.3 -0.0914766 22.3834 0.0417062 1.75533 2.57057
14.4 -0.0870244 22.5589 0.047265 1.75491 2.57057
14.5 -0.0820387 22.7344 0.0523708 1.75491 2.57057
14.6 -0.0765661 22.9099 0.0570021 1.75534 2.57057
14.7 -0.0706547 23.0855 0.0611417 1.75621 2.57057
14.8 -0.0643546 23.2612 0.0647759 1.7575 2.57057
14.9 -0.0577167 23.437 0.0678951 1.75919 2.57057
15 -0.0507929 23.613 0.0704934 1.76124 2.57057
15.1 -0.0436355 23.7893 0.0725685 1.76363 2.57057
15.2 -0.0362966 23.9658 0.0741217 1.7663 2.57057
15.3 -0.0288284 24.1426 0.0751578 1.76919 2.57057
15.4 -0.0212821 24.3196 0.0756848 1.77224 2.57057
15.5 -0.013708 24.497 0.0757138 1.77541 2.57057
15.6 -0.00615544 24.6747 0.0752586 1.77861 2.57057
15.7 0.00132811 24.8527 0.0743361 1.7818 2.57057
15.8 0.00869682 25.0311 0.0729652 1.7849 2.57057
15.9 0.0159069 25.2097 0.0711673 1.78788 2.57057
16 0.0229168 25.3886 0.0689657 1.79067 2.57057
16.1 0.0296874 25.5678 0.0663856 1.79322 2.57057
16.2 0.0361822 25.7473 0.0634534 1.79552 2.57057
16.3 0.0423673 25.9269 0.0601969 1.79751 2.57057
16.4 0.0482117 26.1068 0.056645 1.79918 2.57057
16.5 0.0536874 26.2867 0.0528272 1.80051 2.57057
16.6 0.0587693 26.4669 0.0487737 1.80151 2.57057
16.7 0.0634353 26.647 0.044515 1.80216 2.57057
16.8 0.0676665 26.8273 0.0400817 1.80248 2.57057
16.9 0.0714469 27.0075 0.0355043 1.80249 2.57057
17 0.0747636 27.1878 0.0308132 1.80221 2.57057
17.1 0.0776067 27.368 0.0260383 1.80166 2.57057
17.2 0.0799694 27.5481 0.0212088 1.80089 2.57057
17.3 0.0818476 27.7281 0.0163536 1.79993 2.57057
17.4 0.0832402 27.9081 0.0115004 1.79882 2.57057
17.5 0.0841487 28.0879 0.00667611 1.79761 2.57057
17.6 0.0845772 28.2676 0.00190666 1.79633 2.57057
17.7 0.0845327 28.4472 -0.00278322 1.79504 2.57057
17.8 0.084024 28.6266 -0.00736999 1.79377 2.57057
17.9 0.0830628 28.8059 -0.0118314 1.79256 2.57057
18 0.0816626 28.9851 -0.0161465 1.79147 2.57057
18.1 0.0798391 29.1642 -0.0202959 1.79051 2.57057
18.2 0.0776096 29.3432 -0.0242613 1.78972 2.57057
18.3 0.0749935 29.5222 -0.0280264 1.78913 2.57057
18.4 0.0720115 29.701 -0.0315759 1.78876 2.57057
18.5 0.0686859 29.8799 -0.0348965 1.78862 2.57057
18.6 0.0650403 30.0588 -0.037976 1.78872 2.57057
18.7 0.0610991 30.2377 -0.0408042 1.78908 2.57057
18.8 0.0568881 30.4166 -0.0433722 1.78969 2.57057
18.9 0.0524336 30.5956 -0.0456728 1.79054 2.57057
19 0.0477626 30.7747 -0.0477003 1.79162 2.57057
19.1 0.0429028 30.9539 -0.0494506 1.79292 2.57057
19.2 0.0378819 31.1333 -0.050921 1.79443 2.57057
19.3 0.0327279 31.3128 -0.0521105 1.79611 2.57057
19.4 0.0274691 31.4925 -0.0530194 1.79794 2.57057
19.5 0.0221334 31.6724 -0.0536493 1.79989 2.57057
19.6 0.0167484 31.8525 -0.0540034 1.80194 2.57057
19.7 0.0113417 32.0328 -0.0540861 1.80405 2.57057
19.8 0.00594008 32.2133 -0.053903 1.80619 2.57057
19.9 0.000569763 32.3941 -0.0534608 1.80833 2.57057
20 -0.00474371 32.575 -0.0527675 1.81044 2.57057
20.1 -0.00997566 32.7561 -0.0518319 1.81248 2.57057
20.2 -0.0151023 32.9375 -0.0506639 1.81444 2.57057
20.3 -0.020101 33.119 -0.0492742 1.81628 2.57057
20.4 -0.0249502 33.3007 -0.0476742 1.81798 2.57057
20.5 -0.0296293 33.4826 -0.0458761 1.81953 2.57057
20.6 -0.0341192 33.6646 -0.0438927 1.8209 2.57057
20.7 -0.0384021 33.8468 -0.0417372 1.82208 2.57057
20.8 -0.0424614 34.029 -0.0394235 1.82307 2.57057
20.9 -0.046282 34.2114 -0.0369656 1.82386 2.57057
21 -0.0498502 34.3938 -0.0343778 1.82444 2.57057
21.1 -0.0531537 34.5763 -0.0316748 1.82483 2.57057
21.2 -0.0561818 34.7588 -0.0288711 1.82502 2.57057
21.3 -0.058925 34.9413 -0.0259817 1.82502 2.57057
21.4 -0.0613757 35.1238 -0.0230212 1.82485 2.57057
21.5 -0.0635274 35.3062 -0.0200042 1.82452 2.57057
21.6 -0.0653752 35.4887 -0.0169452 1.82404 2.57057
21.7 -0.0669155 35.671 -0.0138587 1.82345 2.57057
21.8 -0.0681464 35.8534 -0.0107585 1.82274 2.57057
21.9 -0.0690672 36.0356 -0.00765848 1.82196 2.57057
22 -0.0696786 36.2177 -0.00457201 1.82112 2.57057
22.1 -0.0699825 36.3998 -0.00151207 1.82025 2.57057
22.2 -0.0699823 36.5818 0.00150878 1.81936 2.57057
22.3 -0.0696825 36.7637 0.00447849 1.81849 2.57057
22.4 -0.0690887 36.9455 0.00738548 1.81764 2.57057
22.5 -0.0682078 37.1272 0.0102187 1.81686 2.57057
22.6 -0.0670478 37.3089 0.0129678 1.81614 2.57057
22.7 -0.0656174 37.4905 0.0156228 1.81552 2.57057
22.8 -0.0639266 37.672 0.0181746 1.81501 2.57057
22.9 -0.0619862 37.8535 0.0206145 1.81462 2.57057
23 -0.0598077 38.0349 0.0229346 1.81436 2.57057
23.1 -0.0574035 38.2163 0.0251276 1.81425 2.57057
23.2 -0.0547867 38.3978 0.0271869 1.81428 2.57057
23.3 -0.0519708 38.5792 0.0291067 1.81447 2.57057
23.4 -0.0489702 38.7607 0.0308816 1.8148 2.57057
23.5 -0.0457995 38.9422 0.0325073 1.8153 2.57057
23.6 -0.0424738 39.1237 0.0339798 1.81593 2.57057
23.7 -0.0390087 39.3054 0.0352961 1.81672 2.57057
23.8 -0.0354199 39.4871 0.0364537 1.81763 2.57057
23.9 -0.0317233 39.6689 0.037451 1.81867 2.57057
24 -0.0279351 39.8508 0.0382867 1.81982 2.57057
24.1 -0.0240714 40.0329 0.0389606 1.82107 2.57057
24.2 -0.0201483 40.215 0.0394729 1.8224 2.57057
24.3 -0.0161821 40.3973 0.0398245 1.8238 2.57057
24.4 -0.0121888 40.5798 0.0400168 1.82524 2.57057
24.5 -0.00818402 40.7624 0.040052 1.82672 2.57057
24.6 -0.00418351 40.9451 0.0399326 1.82822 2.57057
24.7 -0.000202534 41.128 0.039662 1.82971 2.57057
24.8 0.00374396 41.3111 0.0392437 1.83119 2.57057
24.9 0.00764142 41.4943 0.038682 1.83263 2.57057
25 0.0114757 41.6776 0.0379815 1.83402 2.57057
25.1 0.0152333 41.8611 0.0371474 1.83534 2.57057
25.2 0.0189009 42.0447 0.0361851 1.83658 2.57057
25.3 0.0224662 42.2284 0.0351004 1.83774 2.57057
25.4 0.0259171 42.4122 0.0338995 1.83879 2.57057
25.5 0.0292424 42.5961 0.0325889 1.83973 2.57057
25.6 0.0324315 42.7801 0.0311754 1.84056 2.57057
25.7 0.0354743 42.9642 0.0296659 1.84126 2.57057
25.8 0.0383617 43.1484 0.0280675 1.84184 2.57057
25.9 0.0410851 43.3326 0.0263877 1.84229 2.57057
26 0.0436368 43.5168 0.0246338 1.84261 2.57057
26.1 0.0460097 43.7011 0.0228135 1.84281 2.57057
26.2 0.0481975 43.8854 0.0209345 1.84289 2.57057
26.3 0.0501948 44.0697 0.0190043 1.84286 2.57057
26.4 0.0519969 44.254 0.0170309 1.84272 2.57057
26.5 0.0535998 44.4382 0.0150217 1.84247 2.57057
26.6 0.0550003 44.6225 0.0129845 1.84214 2.57057
26.7 0.0561961 44.8067 0.010927 1.84173 2.57057
26.8 0.0571853 44.9908 0.00885654 1.84125 2.57057
26.9 0.0579672 45.1749 0.0067806 1.84071 2.57057
27 0.0585415 45.359 0.00470643 1.84013 2.57057
27.1 0.0589088 45.5429 0.00264114 1.83952 2.57057
27.2 0.0590702 45.7269 0.000591661 1.83889 2.57057
27.3 0.0590278 45.9107 -0.00143527 1.83826 2.57057
27.4 0.0587842 46.0945 -0.00343311 1.83764 2.57057
27.5 0.0583424 46.2782 -0.00539558 1.83704 2.57057
27.6 0.0577064 46.4619 -0.0073166 1.83647 2.57057
27.7 0.0568807 46.6455 -0.00919038 1.83595 2.57057
27.8 0.0558701 46.8291 -0.0110114 1.83549 2.57057
27.9 0.0546803 47.0126 -0.0127743 1.83508 2.57057
28 0.0533173 47.1961 -0.0144743 1.83476 2.57057
28.1 0.0517877 47.3796 -0.0161066 1.83451 2.57057
28.2 0.0500984 47.563 -0.0176669 1.83435 2.57057
28.3 0.0482569 47.7465 -0.0191512 1.83429 2.57057
28.4 0.0462708 47.9299 -0.0205557 1.83432 2.57057
28.5 0.0441485 48.1133 -0.021877 1.83444 2.57057
28.6 0.0418983 48.2968 -0.0231121 1.83467 2.57057
28.7 0.039529 48.4803 -0.0242584 1.83499 2.57057
28.8 0.0370497 48.6638 -0.0253133 1.83541 2.57057
28.9 0.0344695 48.8474 -0.0262749 1.83593 2.57057
29 0.0317979 49.031 -0.0271414 1.83653 2.57057
29.1 0.0290444 49.2147 -0.0279115 1.83722 2.57057
29.2 0.0262188 49.3984 -0.0285841 1.83799 2.57057
29.3 0.0233309 49.5823 -0.0291585 1.83882 2.57057
29.4 0.0203904 49.7662 -0.0296344 1.83972 2.57057
29.5 0.0174073 49.9502 -0.0300116 1.84068 2.57057
29.6 0.0143914 50.1343 -0.0302905 1.84168 2.57057
29.7 0.0113525 50.3185 -0.0304715 1.84272 2.57057
29.8 0.00830032 50.5029 -0.0305555 1.84378 2.57057
29.9 0.00524457 50.6873 -0.0305437 1.84486 2.57057
30 0.00219473 50.8718 -0.0304375 1.84594 2.57057
30.1 -0.000839831 51.0565 -0.0302385 1.84702 2.57057
30.2 -0.00384994 51.2412 -0.0299487 1.84808 2.57057
30.3 -0.00682662 51.4261 -0.0295704 1.84912 2.57057
30.4 -0.00976115 51.6111 -0.0291059 1.85013 2.57057
30.5 -0.012645 51.7961 -0.0285579 1.85109 2.57057
30.6 -0.01547 51.9813 -0.0279292 1.85201 2.57057
30.7 -0.0182283 52.1665 -0.027223 1.85287 2.57057
30.8 -0.0209121 52.3519 -0.0264423 1.85366 2.57057
30.9 -0.0235144 52.5373 -0.0255907 1.85439 2.57057
31 -0.026028 52.7227 -0.0246717 1.85504 2.57057
31.1 -0.0284466 52.9083 -0.023689 1.85562 2.57057
31.2 -0.0307638 53.0939 -0.0226463 1.85612 2.57057
31.3 -0.032974 53.2795 -0.0215477 1.85653 2.57057
31.4 -0.0350716 53.4652 -0.0203971 1.85686 2.57057
31.5 -0.0370518 53.6509 -0.0191987 1.85711 2.57057
31.6 -0.0389099 53.8366 -0.0179565 1.85727 2.57057
31.7 -0.0406418 54.0223 -0.016675 1.85736 2.57057
31.8 -0.0422437 54.208 -0.0153582 1.85736 2.57057
31.9 -0.0437124 54.3938 -0.0140105 1.8573 2.57057
32 -0.0450449 54.5795 -0.0126362 1.85716 2.57057
32.1 -0.0462389 54.7652 -0.0112396 1.85697 2.57057
32.2 -0.0472923 54.9509 -0.00982507 1.85671 2.57057
32.3 -0.0482035 55.1365 -0.00839678 1.8564 2.57057
32.4 -0.0489713 55.3222 -0.00695901 1.85605 2.57057
32.5 -0.0495951 55.5078 -0.00551595 1.85566 2.57057
32.6 -0.0500745 55.6933 -0.00407173 1.85524 2.57057
32.7 -0.0504095 55.8788 -0.00263044 1.8548 2.57057
32.8 -0.0506008 56.0643 -0.00119605 1.85434 2.57057
32.9 -0.0506491 56.2497 0.000227511 1.85388 2.57057
33 -0.0505558 56.435 0.00163644 1.85341 2.57057
33.1 -0.0503224 56.6204 0.00302701 1.85296 2.57057
33.2 -0.0499511 56.8056 0.00439564 1.85252 2.57057
33.3 -0.0494442 56.9909 0.00573883 1.85211 2.57057
33.4 -0.0488043 57.1761 0.00705324 1.85173 2.57057
33.5 -0.0480346 57.3612 0.00833562 1.85138 2.57057
33.6 -0.0471383 57.5463 0.0095829 1.85108 2.57057
33.7 -0.0461193 57.7314 0.0107921 1.85082 2.57057
33.8 -0.0449813 57.9165 0.0119605 1.85062 2.57057
33.9 -0.0437286 58.1015 0.0130854 1.85047 2.57057
34 -0.0423657 58.2866 0.0141644 1.85038 2.57057
34.1 -0.0408973 58.4716 0.015195 1.85036 2.57057
34.2 -0.0393284 58.6567 0.0161752 1.8504 2.57057
34.3 -0.0376641 58.8417 0.0171029 1.8505 2.57057
34.4 -0.0359096 59.0268 0.0179764 1.85067 2.57057
34.5 -0.0340706 59.2118 0.018794 1.85091 2.57057
34.6 -0.0321528 59.3969 0.0195541 1.85121 2.57057
34.7 -0.0301618 59.5821 0.0202556 1.85158 2.57057
34.8 -0.0281036 59.7673 0.0208972 1.85201 2.57057
34.9 -0.0259844 59.9525 0.0214781 1.85249 2.57057
35 -0.0238101 60.1378 0.0219974 1.85303 2.57057
35.1 -0.0215869 60.3231 0.0224546 1.85362 2.57057
35.2 -0.0193212 60.5085 0.0228491 1.85426 2.57057
35.3 -0.0170192 60.694 0.0231808 1.85494 2.57057
35.4 -0.0146872 60.8795 0.0234494 1.85565 2.57057
35.5 -0.0123314 61.0651 0.0236552 1.8564 2.57057
35.6 -0.00995823 61.2508 0.0237983 1.85717 2.57057
35.7 -0.00757384 61.4365 0.0238792 1.85796 2.57057
35.8 -0.00518446 61.6224 0.0238982 1.85876 2.57057
35.9 -0.00279623 61.8083 0.0238562 1.85956 2.57057
36 -0.000415215 61.9943 0.023754 1.86037 2.57057
36.1 0.0019526 62.1803 0.0235926 1.86117 2.57057
36.2 0.00430136 62.3665 0.023373 1.86196 2.57057
36.3 0.0066253 62.5527 0.0230965 1.86273 2.57057
36.4 0.00891881 62.739 0.0227645 1.86347 2.57057
36.5 0.0111764 62.9254 0.0223785 1.86419 2.57057
36.6 0.0133928 63.1119 0.0219401 1.86487 2.57057
36.7 0.0155627 63.2984 0.021451 1.86552 2.57057
36.8 0.0176813 63.485 0.020913 1.86612 2.57057
36.9 0.0197438 63.6716 0.020328 1.86668 2.57057
37 0.0217454 63.8583 0.019698 1.86719 2.57057
37.1 0.0236819 64.0451 0.0190251 1.86765 2.57057
37.2 0.0255491 64.2318 0.0183115 1.86805 2.57057
37.3 0.027343 64.4187 0.0175593 1.8684 2.57057
37.4 0.0290598 64.6055 0.0167709 1.86869 2.57057
37.5 0.030696 64.7924 0.0159486 1.86893 2.57057
37.6 0.0322484 64.9793 0.0150948 1.86911 2.57057
37.7 0.033714 65.1662 0.0142118 1.86924 2.57057
37.8 0.0350899 65.3532 0.0133023 1.8693 2.57057
37.9 0.0363737 65.5401 0.0123686 1.86932 2.57057
38 0.0375629 65.727 0.0114132 1.86929 2.57057
38.1 0.0386557 65.9139 0.0104388 1.8692 2.57057
38.2 0.0396501 66.1009 0.00944774 1.86908 2.57057
38.3 0.0405447 66.2878 0.00844268 1.86891 2.57057
38.4 0.0413383 66.4746 0.00742613 1.8687 2.57057
38.5 0.0420297 66.6615 0.0064006 1.86846 2.57057
38.6 0.0426182 66.8483 0.00536862 1.86819 2.57057
38.7 0.0431033 67.0351 0.00433266 1.86789 2.57057
38.8 0.0434847 67.2219 0.0032952 1.86757 2.57057
38.9 0.0437623 67.4086 0.00225867 1.86724 2.57057
39 0.0439365 67.5954 0.00122547 1.8669 2.57057
39.1 0.0440076 67.782 0.000197947 1.86655 2.57057
39.2 0.0439764 67.9687 -0.000821579 1.8662 2.57057
39.3 0.0438436 68.1553 -0.00183085 1.86585 2.57057
39.4 0.0436106 68.3418 -0.00282766 1.86551 2.57057
39.5 0.0432786 68.5284 -0.00380985 1.86519 2.57057
39.6 0.0428492 68.7149 -0.00477535 1.86488 2.57057
39.7 0.0423242 68.9013 -0.00572212 1.8646 2.57057
39.8 0.0417055 69.0878 -0.00664823 1.86434 2.57057
39.9 0.0409953 69.2742 -0.00755179 1.86411 2.57057
40 0.0401959 69.4606 -0.00843099 1.86391 2.57057
40.1 0.0393099 69.647 -0.00928412 1.86375 2.57057
40.2 0.03834 69.8334 -0.0101095 1.86363 2.57057
40.3 0.037289 70.0197 -0.0109057 1.86355 2.57057
40.4 0.0361599 70.2061 -0.011671 1.86351 2.57057
40.5 0.0349559 70.3924 -0.0124043 1.86352 2.57057
40.6 0.0336802 70.5788 -0.0131041 1.86357 2.57057
40.7 0.0323362 70.7651 -0.0137692 1.86366 2.57057
40.8 0.0309275 70.9515 -0.0143986 1.8638 2.57057
40.9 0.0294577 71.1379 -0.0149912 1.86399 2.57057
41 0.0279305 71.3243 -0.0155461 1.86422 2.57057
41.1 0.0263498 71.5108 -0.0160625 1.8645 2.57057
41.2 0.0247193 71.6972 -0.0165396 1.86482 2.57057
41.3 0.0230432 71.8837 -0.0169768 1.86518 2.57057
41.4 0.0213253 72.0703 -0.0173735 1.86558 2.57057
41.5 0.0195698 72.2568 -0.0177293 1.86602 2.57057
41.6 0.0177809 72.4435 -0.0180438 1.86648 2.57057
41.7 0.0159625 72.6301 -0.0183168 1.86698 2.57057
41.8 0.0141189 72.8169 -0.0185481 1.86751 2.57057
41.9 0.0122543 73.0036 -0.0187376 1.86806 2.57057
42 0.0103728 73.1905 -0.0188853 1.86863 2.57057
42.1 0.00847858 73.3774 -0.0189914 1.86922 2.57057
42.2 0.00657586 73.5643 -0.0190561 1.86982 2.57057
42.3 0.00466874 73.7513 -0.0190795 1.87043 2.57057
42.4 0.00276131 73.9384 -0.0190622 1.87105 2.57057
42.5 0.000857646 74.1255 -0.0190045 1.87166 2.57057
42.6 -0.00103825 74.3127 -0.0189069 1.87228 2.57057
42.7 -0.00292242 74.5 -0.0187701 1.87288 2.57057
42.8 -0.00479098 74.6873 -0.0185947 1.87348 2.57057
42.9 -0.00664011 74.8747 -0.0183816 1.87406 2.57057
43 -0.00846607 75.0621 -0.0181315 1.87463 2.57057
43.1 -0.0102652 75.2496 -0.0178453 1.87517 2.57057
43.2 -0.012034 75.4372 -0.017524 1.87569 2.57057
43.3 -0.0137689 75.6248 -0.0171686 1.87618 2.57057
43.4 -0.0154666 75.8124 -0.0167802 1.87664 2.57057
43.5 -0.0171238 76.0001 -0.0163599 1.87707 2.57057
43.6 -0.0187375 76.1878 -0.0159089 1.87747 2.57057
43.7 -0.0203046 76.3756 -0.0154284 1.87783 2.57057
43.8 -0.0218223 76.5634 -0.0149197 1.87816 2.57057
43.9 -0.0232877 76.7512 -0.0143842 1.87844 2.57057
44 -0.0246983 76.9391 -0.0138231 1.87869 2.57057
44.1 -0.0260515 77.1269 -0.013238 1.8789 2.57057
44.2 -0.0273451 77.3148 -0.0126302 1.87907 2.57057
44.3 -0.0285768 77.5028 -0.0120011 1.87919 2.57057
44.4 -0.0297447 77.6907 -0.0113523 1.87928 2.57057
44.5 -0.0308467 77.8786 -0.0106853 1.87933 2.57057
44.6 -0.0318812 78.0665 -0.0100015 1.87935 2.57057
44.7 -0.0328465 78.2545 -0.00930255 1.87933 2.57057
44.8 -0.0337412 78.4424 -0.00858997 1.87927 2.57057
44.9 -0.0345641 78.6303 -0.00786531 1.87918 2.57057
45 -0.0353139 78.8182 -0.00713013 1.87906 2.57057
45.1 -0.0359898 79.0061 -0.006386 1.87891 2.57057
45.2 -0.0365909 79.194 -0.00563449 1.87874 2.57057
45.3 -0.0371165 79.3819 -0.00487714 1.87855 2.57057
45.4 -0.0375662 79.5697 -0.00411551 1.87833 2.57057
45.5 -0.0379395 79.7576 -0.00335114 1.8781 2.57057
45.6 -0.0382363 79.9453 -0.00258556 1.87785 2.57057
45.7 -0.0384566 80.1331 -0.00182029 1.87759 2.57057
45.8 -0.0386005 80.3209 -0.00105681 1.87733 2.57057
45.9 -0.0386681 80.5086 -0.000296599 1.87706 2.57057
46 -0.0386599 80.6963 0.000458888 1.87679 2.57057
46.1 -0.0385765 80.8839 0.00120823 1.87652 2.57057
46.2 -0.0384185 81.0716 0.00195004 1.87626 2.57057
46.3 -0.0381868 81.2592 0.00268293 1.876 2.57057
46.4 -0.0378823 81.4468 0.0034056 1.87576 2.57057
46.5 -0.0375061 81.6343 0.00411672 1.87552 2.57057
46.6 -0.0370594 81.8219 0.00481506 1.87531 2.57057
46.7 -0.0365435 82.0094 0.00549937 1.87512 2.57057
46.8 -0.03596 82.1969 0.00616849 1.87494 2.57057
46.9 -0.0353104 82.3844 0.00682128 1.87479 2.57057
47 -0.0345963 82.5719 0.00745663 1.87467 2.57057
47.1 -0.0338197 82.7593 0.00807349 1.87457 2.57057
47.2 -0.0329823 82.9468 0.00867088 1.8745 2.57057
47.3 -0.0320862 83.1342 0.00924782 1.87446 2.57057
47.4 -0.0311334 83.3217 0.00980341 1.87446 2.57057
47.5 -0.0301262 83.5091 0.0103368 1.87448 2.57057
47.6 -0.0290668 83.6966 0.0108472 1.87454 2.57057
47.7 -0.0279576 83.884 0.0113338 1.87463 2.57057
47.8 -0.0268009 84.0715 0.011796 1.87475 2.57057
47.9 -0.0255992 84.259 0.012233 1.8749 2.57057
48 -0.0243552 84.4465 0.0126443 1.87509 2.57057
48.1 -0.0230712 84.634 0.0130294 1.87531 2.57057
48.2 -0.0217502 84.8215 0.0133878 1.87556 2.57057
48.3 -0.0203946 85.0091 0.013719 1.87584 2.57057
48.4 -0.0190073 85.1967 0.0140227 1.87614 2.57057
48.5 -0.017591 85.3843 0.0142985 1.87648 2.57057
48.6 -0.0161485 85.572 0.0145462 1.87683 2.57057
48.7 -0.0146827 85.7597 0.0147656 1.87721 2.57057
48.8 -0.0131964 85.9475 0.0149565 1.87761 2.57057
48.9 -0.0116924 86.1352 0.0151188 1.87803 2.57057
49 -0.0101736 86.3231 0.0152524 1.87847 2.57057
49.1 -0.00864282 86.5109 0.0153575 1.87892 2.57057
49.2 -0.00710302 86.6988 0.0154339 1.87938 2.57057
49.3 -0.00555699 86.8868 0.0154819 1.87985 2.57057
49.4 -0.00400758 87.0748 0.0155016 1.88032 2.57057
49.5 -0.00245762 87.2629 0.0154931 1.8808 2.57057
49.6 -0.000909887 87.451 0.0154568 1.88128 2.57057
49.7 0.000632834 87.6391 0.015393 1.88176 2.57057
49.8 0.00216781 87.8273 0.015302 1.88224 2.57057
49.9 0.00369234 88.0156 0.0151842 1.8827 2.57057
50 0.00520377 88.2039 0.01504 1.88316 2.57057
