0 1.5708 0
0.01 1.57031 -0.0981
0.02 1.56883 -0.1962
0.03 1.56638 -0.294299
0.04 1.56295 -0.392398
0.05 1.55853 -0.490493
0.06 1.55314 -0.588582
0.07 1.54676 -0.68666
0.08 1.53941 -0.784723
0.09 1.53107 -0.882761
0.1 1.52175 -0.980764
0.11 1.51145 -1.07872
0.12 1.50018 -1.17661
0.13 1.48792 -1.27442
0.14 1.47469 -1.37213
0.15 1.46048 -1.46971
0.16 1.44529 -1.56713
0.17 1.42914 -1.66435
0.18 1.41201 -1.76135
0.19 1.39391 -1.85807
0.2 1.37485 -1.95447
0.21 1.35482 -2.0505
0.22 1.33384 -2.14609
0.23 1.3119 -2.24119
0.24 1.28902 -2.33573
0.25 1.26519 -2.42963
0.26 1.24043 -2.52281
0.27 1.21474 -2.61519
0.28 1.18813 -2.70667
0.29 1.16061 -2.79717
0.3 1.13219 -2.88656
0.31 1.10288 -2.97476
0.32 1.0727 -3.06164
0.33 1.04165 -3.14708
0.34 1.00976 -3.23096
0.35 0.977037 -3.31316
0.36 0.943502 -3.39354
0.37 0.909173 -3.47196
0.38 0.87407 -3.54829
0.39 0.838215 -3.62239
0.4 0.80163 -3.69411
0.41 0.764341 -3.76331
0.42 0.726373 -3.82984
0.43 0.687753 -3.89357
0.44 0.648511 -3.95434
0.45 0.608677 -4.01203
0.46 0.568282 -4.06648
0.47 0.527358 -4.11757
0.48 0.485942 -4.16518
0.49 0.444067 -4.20917
0.5 0.401771 -4.24943
0.51 0.359091 -4.28586
0.52 0.316067 -4.31835
0.53 0.272738 -4.34681
0.54 0.229144 -4.37117
0.55 0.185328 -4.39136
0.56 0.141331 -4.40731
0.57 0.0971962 -4.41898
0.58 0.052966 -4.42634
0.59 0.00868383 -4.42936
0.6 -0.0356068 -4.42804
0.61 -0.0798626 -4.42238
0.62 -0.12404 -4.4124
0.63 -0.168096 -4.39812
0.64 -0.211988 -4.37959
0.65 -0.255674 -4.35686
0.66 -0.299112 -4.32999
0.67 -0.34226 -4.29907
0.68 -0.38508 -4.26418
0.69 -0.427531 -4.22541
0.7 -0.469575 -4.18286
0.71 -0.511176 -4.13666
0.72 -0.552297 -4.08692
0.73 -0.592903 -4.03377
0.74 -0.632961 -3.97734
0.75 -0.672439 -3.91776
0.76 -0.711306 -3.85517
0.77 -0.749533 -3.78972
0.78 -0.787092 -3.72155
0.79 -0.823956 -3.6508
0.8 -0.8601 -3.57762
0.81 -0.8955 -3.50215
0.82 -0.930135 -3.42453
0.83 -0.963984 -3.3449
0.84 -0.997027 -3.2634
0.85 -1.02925 -3.18016
0.86 -1.06062 -3.09531
0.87 -1.09115 -3.00899
0.88 -1.1208 -2.92129
0.89 -1.14957 -2.83236
0.9 -1.17744 -2.74228
0.91 -1.20441 -2.65117
0.92 -1.23046 -2.55913
0.93 -1.25559 -2.46626
0.94 -1.27979 -2.37263
0.95 -1.30304 -2.27833
0.96 -1.32535 -2.18344
0.97 -1.34671 -2.08804
0.98 -1.36711 -1.99217
0.99 -1.38655 -1.89591
1 -1.40503 -1.79931
1.01 -1.42254 -1.70242
1.02 -1.43907 -1.60528
1.03 -1.45464 -1.50793
1.04 -1.46923 -1.41041
1.05 -1.48285 -1.31275
1.06 -1.49549 -1.21498
1.07 -1.50715 -1.11711
1.08 -1.51783 -1.01918
1.09 -1.52753 -0.921192
1.1 -1.53625 -0.823167
1.11 -1.54399 -0.725113
1.12 -1.55076 -0.62704
1.13 -1.55654 -0.528954
1.14 -1.56133 -0.430861
1.15 -1.56515 -0.332764
1.16 -1.56799 -0.234665
1.17 -1.56985 -0.136565
1.18 -1.57072 -0.0384648
1.19 -1.57062 0.0596352
1.2 -1.56953 0.157735
1.21 -1.56746 0.255835
1.22 -1.56441 0.353934
1.23 -1.56038 0.45203
1.24 -1.55537 0.550122
1.25 -1.54938 0.648205
1.26 -1.54241 0.746275
1.27 -1.53445 0.844324
1.28 -1.52552 0.942342
1.29 -1.51561 1.04032
1.3 -1.50471 1.13824
1.31 -1.49284 1.23608
1.32 -1.47999 1.33383
1.33 -1.46617 1.43147
1.34 -1.45136 1.52895
1.35 -1.43559 1.62626
1.36 -1.41884 1.72335
1.37 -1.40112 1.82018
1.38 -1.38244 1.91671
1.39 -1.36279 2.01289
1.4 -1.34218 2.10867
1.41 -1.32062 2.20397
1.42 -1.2981 2.29873
1.43 -1.27464 2.39289
1.44 -1.25025 2.48637
1.45 -1.22492 2.57907
1.46 -1.19867 2.67092
1.47 -1.1715 2.76181
1.48 -1.14344 2.85165
1.49 -1.11448 2.94033
1.5 -1.08463 3.02774
1.51 -1.05393 3.11375
1.52 -1.02236 3.19826
1.53 -0.989965 3.28114
1.54 -0.956747 3.36224
1.55 -0.922727 3.44145
1.56 -0.887925 3.51862
1.57 -0.852362 3.59361
1.58 -0.81606 3.66628
1.59 -0.779044 3.73648
1.6 -0.741339 3.80408
1.61 -0.702972 3.86892
1.62 -0.66397 3.93087
1.63 -0.624365 3.98979
1.64 -0.584185 4.04552
1.65 -0.543465 4.09795
1.66 -0.502238 4.14694
1.67 -0.460538 4.19236
1.68 -0.418403 4.23409
1.69 -0.375869 4.27204
1.7 -0.332975 4.30608
1.71 -0.289761 4.33614
1.72 -0.246266 4.36212
1.73 -0.202532 4.38395
1.74 -0.158601 4.40156
1.75 -0.114515 4.41492
1.76 -0.0703171 4.42397
1.77 -0.0260502 4.4287
1.78 0.0182423 4.42908
1.79 0.0625169 4.42512
1.8 0.10673 4.41683
1.81 0.150839 4.40423
1.82 0.194801 4.38736
1.83 0.238572 4.36627
1.84 0.282112 4.34102
1.85 0.325379 4.31167
1.86 0.368332 4.27833
1.87 0.410932 4.24106
1.88 0.453141 4.19999
1.89 0.49492 4.15521
1.9 0.536233 4.10684
1.91 0.577045 4.05501
1.92 0.617322 3.99985
1.93 0.657031 3.94148
1.94 0.696141 3.88006
1.95 0.734623 3.81572
1.96 0.772446 3.74859
1.97 0.809586 3.67884
1.98 0.846015 3.60659
1.99 0.88171 3.532
2 0.916648 3.45521
2.01 0.950807 3.37635
2.02 0.984168 3.29557
2.03 1.01671 3.213
2.04 1.04842 3.12877
2.05 1.07928 3.043
2.06 1.10928 2.95583
2.07 1.13839 2.86737
2.08 1.16662 2.77773
2.09 1.19395 2.68701
2.1 1.22036 2.59533
2.11 1.24585 2.50277
2.12 1.27041 2.40942
2.13 1.29404 2.31538
2.14 1.31672 2.22072
2.15 1.33845 2.1255
2.16 1.35923 2.02981
2.17 1.37904 1.9337
2.18 1.3979 1.83722
2.19 1.41579 1.74044
2.2 1.43271 1.64339
2.21 1.44865 1.54612
2.22 1.46363 1.44866
2.23 1.47763 1.35106
2.24 1.49065 1.25332
2.25 1.50269 1.15549
2.26 1.51376 1.05759
2.27 1.52384 0.959618
2.28 1.53295 0.861606
2.29 1.54108 0.763562
2.3 1.54822 0.665496
2.31 1.55439 0.567414
2.32 1.55957 0.469324
2.33 1.56377 0.371228
2.34 1.56699 0.273129
2.35 1.56923 0.17503
2.36 1.57049 0.0769296
2.37 1.57077 -0.0211704
2.38 1.57007 -0.11927
2.39 1.56839 -0.21737
2.4 1.56572 -0.31547
2.41 1.56208 -0.413567
2.42 1.55745 -0.511661
2.43 1.55185 -0.609749
2.44 1.54526 -0.707824
2.45 1.53769 -0.805882
2.46 1.52914 -0.903914
2.47 1.51961 -1.00191
2.48 1.5091 -1.09985
2.49 1.49761 -1.19773
2.5 1.48515 -1.29552
2.51 1.4717 -1.3932
2.52 1.45728 -1.49075
2.53 1.44189 -1.58813
2.54 1.42552 -1.68531
2.55 1.40818 -1.78225
2.56 1.38988 -1.8789
2.57 1.37061 -1.97523
2.58 1.35038 -2.07117
2.59 1.32919 -2.16666
2.6 1.30704 -2.26165
2.61 1.28395 -2.35605
2.62 1.25992 -2.4498
2.63 1.23496 -2.54282
2.64 1.20907 -2.63501
2.65 1.18226 -2.72629
2.66 1.15455 -2.81656
2.67 1.12594 -2.9057
2.68 1.09644 -2.99362
2.69 1.06607 -3.0802
2.7 1.03484 -3.16532
2.71 1.00277 -3.24885
2.72 0.969868 -3.33066
2.73 0.93616 -3.41063
2.74 0.901662 -3.48861
2.75 0.866395 -3.56447
2.76 0.83038 -3.63807
2.77 0.793642 -3.70926
2.78 0.756204 -3.7779
2.79 0.718093 -3.84384
2.8 0.679337 -3.90694
2.81 0.639964 -3.96706
2.82 0.600006 -4.02406
2.83 0.559494 -4.0778
2.84 0.518461 -4.12815
2.85 0.476943 -4.17498
2.86 0.434974 -4.21818
2.87 0.392592 -4.25762
2.88 0.349834 -4.2932
2.89 0.306741 -4.32483
2.9 0.263351 -4.35242
2.91 0.219706 -4.37588
2.92 0.175847 -4.39516
2.93 0.131817 -4.41019
2.94 0.0876577 -4.42094
2.95 0.0434126 -4.42736
2.96 -0.000875059 -4.42945
2.97 -0.0451618 -4.42719
2.98 -0.0894044 -4.42059
2.99 -0.133559 -4.40968
3 -0.177584 -4.39448
3.01 -0.221435 -4.37504
3.02 -0.26507 -4.35141
3.03 -0.308449 -4.32366
3.04 -0.35153 -4.29187
3.05 -0.394273 -4.25613
3.06 -0.43664 -4.21654
3.07 -0.478592 -4.1732
3.08 -0.520092 -4.12622
3.09 -0.561105 -4.07574
3.1 -0.601595 -4.02186
3.11 -0.641531 -3.96474
3.12 -0.68088 -3.9045
3.13 -0.719611 -3.84128
3.14 -0.757696 -3.77523
3.15 -0.795107 -3.70649
3.16 -0.831817 -3.63521
3.17 -0.867803 -3.56152
3.18 -0.90304 -3.48557
3.19 -0.937507 -3.40751
3.2 -0.971184 -3.32746
3.21 -1.00405 -3.24558
3.22 -1.03609 -3.16198
3.23 -1.06728 -3.07681
3.24 -1.09762 -2.99017
3.25 -1.12708 -2.9022
3.26 -1.15566 -2.81301
3.27 -1.18334 -2.7227
3.28 -1.21011 -2.63139
3.29 -1.23596 -2.53916
3.3 -1.26089 -2.44611
3.31 -1.28488 -2.35233
3.32 -1.30794 -2.2579
3.33 -1.33004 -2.1629
3.34 -1.35119 -2.06738
3.35 -1.37139 -1.97143
3.36 -1.39062 -1.87509
3.37 -1.40889 -1.77842
3.38 -1.42619 -1.68147
3.39 -1.44252 -1.58428
3.4 -1.45787 -1.4869
3.41 -1.47225 -1.38934
3.42 -1.48566 -1.29166
3.43 -1.49809 -1.19386
3.44 -1.50954 -1.09598
3.45 -1.52001 -0.998037
3.46 -1.5295 -0.900041
3.47 -1.53801 -0.802008
3.48 -1.54554 -0.703949
3.49 -1.55209 -0.605873
3.5 -1.55765 -0.507786
3.51 -1.56224 -0.409691
3.52 -1.56585 -0.311594
3.53 -1.56847 -0.213494
3.54 -1.57012 -0.115394
3.55 -1.57078 -0.0172944
3.56 -1.57046 0.0808056
3.57 -1.56916 0.178906
3.58 -1.56689 0.277005
3.59 -1.56362 0.375104
3.6 -1.55938 0.473199
3.61 -1.55416 0.57129
3.62 -1.54796 0.669371
3.63 -1.54077 0.767436
3.64 -1.53261 0.865479
3.65 -1.52346 0.96349
3.66 -1.51334 1.06146
3.67 -1.50224 1.15936
3.68 -1.49015 1.25719
3.69 -1.47709 1.35492
3.7 -1.46305 1.45252
3.71 -1.44804 1.54997
3.72 -1.43206 1.64723
3.73 -1.4151 1.74427
3.74 -1.39717 1.84104
3.75 -1.37828 1.9375
3.76 -1.35842 2.0336
3.77 -1.33761 2.12927
3.78 -1.31584 2.22447
3.79 -1.29312 2.31911
3.8 -1.26946 2.41313
3.81 -1.24486 2.50644
3.82 -1.21933 2.59897
3.83 -1.19288 2.69062
3.84 -1.16552 2.78129
3.85 -1.13726 2.87089
3.86 -1.10811 2.9593
3.87 -1.07808 3.04642
3.88 -1.04719 3.13212
3.89 -1.01544 3.21629
3.9 -0.982865 3.29879
3.91 -0.949472 3.3795
3.92 -0.915282 3.45828
3.93 -0.880314 3.53499
3.94 -0.844589 3.60949
3.95 -0.808132 3.68164
3.96 -0.770965 3.7513
3.97 -0.733114 3.81831
3.98 -0.694608 3.88254
3.99 -0.655473 3.94385
4 -0.615741 4.00209
4.01 -0.575442 4.05712
4.02 -0.53461 4.10882
4.03 -0.493278 4.15704
4.04 -0.451481 4.20168
4.05 -0.409256 4.24261
4.06 -0.366641 4.27972
4.07 -0.323675 4.31291
4.08 -0.280397 4.34209
4.09 -0.236847 4.36718
4.1 -0.193067 4.38811
4.11 -0.149099 4.40481
4.12 -0.104985 4.41724
4.13 -0.0607685 4.42536
4.14 -0.0164923 4.42915
4.15 0.0278 4.42859
4.16 0.072065 4.42369
4.17 0.116259 4.41447
4.18 0.16034 4.40095
4.19 0.204264 4.38316
4.2 0.247989 4.36117
4.21 0.291474 4.33503
4.22 0.334676 4.30481
4.23 0.377557 4.27061
4.24 0.420076 4.23252
4.25 0.462194 4.19063
4.26 0.503876 4.14507
4.27 0.545084 4.09594
4.28 0.585783 4.04338
4.29 0.62594 3.98752
4.3 0.665523 3.92848
4.31 0.7045 3.86642
4.32 0.742842 3.80146
4.33 0.78052 3.73376
4.34 0.817508 3.66345
4.35 0.853781 3.59069
4.36 0.889314 3.51561
4.37 0.924086 3.43836
4.38 0.958075 3.35908
4.39 0.991261 3.2779
4.4 1.02363 3.19496
4.41 1.05515 3.11038
4.42 1.08583 3.02431
4.43 1.11564 2.93685
4.44 1.14456 2.84812
4.45 1.17259 2.75824
4.46 1.19972 2.66731
4.47 1.22594 2.57542
4.48 1.25123 2.48269
4.49 1.27559 2.38919
4.5 1.29901 2.295
4.51 1.32149 2.20021
4.52 1.34301 2.10489
4.53 1.36358 2.0091
4.54 1.38319 1.91291
4.55 1.40184 1.81636
4.56 1.41952 1.71952
4.57 1.43623 1.62242
4.58 1.45197 1.5251
4.59 1.46673 1.42761
4.6 1.48052 1.32997
4.61 1.49333 1.23222
4.62 1.50516 1.13437
4.63 1.51602 1.03645
4.64 1.52589 0.93847
4.65 1.53479 0.84045
4.66 1.5427 0.742401
4.67 1.54963 0.64433
4.68 1.55559 0.546247
4.69 1.56056 0.448154
4.7 1.56455 0.350058
4.71 1.56756 0.251959
4.72 1.56959 0.153859
4.73 1.57064 0.0557592
4.74 1.5707 -0.0423408
4.75 1.56979 -0.140441
4.76 1.5679 -0.238541
4.77 1.56502 -0.33664
4.78 1.56116 -0.434737
4.79 1.55633 -0.53283
4.8 1.55051 -0.630915
4.81 1.54371 -0.728987
4.82 1.53593 -0.82704
4.83 1.52717 -0.925065
4.84 1.51743 -1.02305
4.85 1.50671 -1.12098
4.86 1.49501 -1.21884
4.87 1.48233 -1.31661
4.88 1.46867 -1.41426
4.89 1.45404 -1.51178
4.9 1.43844 -1.60912
4.91 1.42186 -1.70625
4.92 1.40432 -1.80313
4.93 1.3858 -1.89972
4.94 1.36632 -1.99597
4.95 1.34588 -2.09181
4.96 1.32449 -2.1872
4.97 1.30214 -2.28207
4.98 1.27885 -2.37634
4.99 1.25462 -2.46994
5 1.22945 -2.56279
5.01 1.20336 -2.65479
5.02 1.17636 -2.74586
5.03 1.14845 -2.83589
5.04 1.11965 -2.92478
5.05 1.08996 -3.01242
5.06 1.0594 -3.0987
5.07 1.02799 -3.18348
5.08 0.995737 -3.26665
5.09 0.962662 -3.34808
5.1 0.928782 -3.42763
5.11 0.894116 -3.50517
5.12 0.858685 -3.58055
5.13 0.822512 -3.65364
5.14 0.785621 -3.72429
5.15 0.748035 -3.79236
5.16 0.709783 -3.8577
5.17 0.670891 -3.92017
5.18 0.631389 -3.97963
5.19 0.591309 -4.03593
5.2 0.550682 -4.08895
5.21 0.509541 -4.13856
5.22 0.467922 -4.18461
5.23 0.425861 -4.22701
5.24 0.383395 -4.26563
5.25 0.340561 -4.30037
5.26 0.297401 -4.33113
5.27 0.253952 -4.35784
5.28 0.210258 -4.3804
5.29 0.166358 -4.39876
5.3 0.122297 -4.41287
5.31 0.0781152 -4.42269
5.32 0.0338572 -4.42818
5.33 -0.0104339 -4.42933
5.34 -0.0547148 -4.42613
5.35 -0.0989421 -4.4186
5.36 -0.143072 -4.40676
5.37 -0.187063 -4.39064
5.38 -0.230871 -4.37029
5.39 -0.274455 -4.34577
5.4 -0.317773 -4.31714
5.41 -0.360784 -4.28449
5.42 -0.40345 -4.24791
5.43 -0.44573 -4.2075
5.44 -0.487587 -4.16336
5.45 -0.528985 -4.11562
5.46 -0.569888 -4.06439
5.47 -0.610262 -4.00981
5.48 -0.650073 -3.952
5.49 -0.689291 -3.8911
5.5 -0.727886 -3.82726
5.51 -0.765827 -3.76062
5.52 -0.803089 -3.69132
5.53 -0.839645 -3.6195
5.54 -0.875471 -3.54532
5.55 -0.910544 -3.4689
5.56 -0.944842 -3.3904
5.57 -0.978346 -3.30994
5.58 -1.01104 -3.22768
5.59 -1.04289 -3.14373
5.6 -1.0739 -3.05823
5.61 -1.10405 -2.9713
5.62 -1.13333 -2.88305
5.63 -1.16171 -2.79361
5.64 -1.18919 -2.70308
5.65 -1.21577 -2.61156
5.66 -1.24142 -2.51915
5.67 -1.26615 -2.42593
5.68 -1.28994 -2.33201
5.69 -1.31279 -2.23745
5.7 -1.33469 -2.14233
5.71 -1.35563 -2.04671
5.72 -1.37562 -1.95067
5.73 -1.39464 -1.85426
5.74 -1.4127 -1.75752
5.75 -1.42979 -1.66052
5.76 -1.44591 -1.56328
5.77 -1.46106 -1.46586
5.78 -1.47523 -1.36827
5.79 -1.48842 -1.27056
5.8 -1.50064 -1.17275
5.81 -1.51188 -1.07485
5.82 -1.52214 -0.976893
5.83 -1.53142 -0.878888
5.84 -1.53971 -0.780849
5.85 -1.54703 -0.682785
5.86 -1.55337 -0.584706
5.87 -1.55873 -0.486617
5.88 -1.5631 -0.388522
5.89 -1.5665 -0.290423
5.9 -1.56891 -0.192324
5.91 -1.57034 -0.094224
5.92 -1.5708 0.00387605
5.93 -1.57027 0.101976
5.94 -1.56876 0.200076
5.95 -1.56626 0.298175
5.96 -1.56279 0.396274
5.97 -1.55834 0.494368
5.98 -1.55291 0.592457
5.99 -1.54649 0.690535
6 -1.53909 0.788597
6.01 -1.53072 0.886634
6.02 -1.52136 0.984635
6.03 -1.51103 1.08259
6.04 -1.49971 1.18048
6.05 -1.48742 1.27829
6.06 -1.47415 1.37599
6.07 -1.4599 1.47356
6.08 -1.44467 1.57097
6.09 -1.42848 1.66819
6.1 -1.41131 1.76518
6.11 -1.39318 1.86189
6.12 -1.37407 1.95827
6.13 -1.35401 2.05428
6.14 -1.33299 2.14986
6.15 -1.31102 2.24494
6.16 -1.28809 2.33945
6.17 -1.26423 2.43333
6.18 -1.23943 2.52648
6.19 -1.2137 2.61882
6.2 -1.18706 2.71027
6.21 -1.1595 2.80072
6.22 -1.13105 2.89007
6.23 -1.1017 2.97822
6.24 -1.07149 3.06504
6.25 -1.04041 3.15042
6.26 -1.00848 3.23424
6.27 -0.975727 3.31637
6.28 -0.942161 3.39667
6.29 -0.907801 3.47502
6.3 -0.872667 3.55126
6.31 -0.836783 3.62527
6.32 -0.80017 3.69689
6.33 -0.762853 3.76599
6.34 -0.724859 3.83241
6.35 -0.686215 3.89603
6.36 -0.646949 3.95668
6.37 -0.607091 4.01424
6.38 -0.566674 4.06856
6.39 -0.525731 4.11952
6.4 -0.484296 4.16698
6.41 -0.442404 4.21083
6.42 -0.400092 4.25094
6.43 -0.357398 4.28722
6.44 -0.31436 4.31955
6.45 -0.27102 4.34785
6.46 -0.227417 4.37205
6.47 -0.183593 4.39207
6.48 -0.13959 4.40785
6.49 -0.0954501 4.41935
6.5 -0.051217 4.42654
6.51 -0.00693373 4.42939
6.52 0.0373564 4.4279
6.53 0.0816098 4.42207
6.54 0.125783 4.41192
6.55 0.169834 4.39747
6.56 0.213719 4.37877
6.57 0.257395 4.35587
6.58 0.300822 4.32885
6.59 0.343959 4.29777
6.6 0.386764 4.26272
6.61 0.4292 4.2238
6.62 0.471228 4.18111
6.63 0.51281 4.13476
6.64 0.553911 4.08489
6.65 0.594496 4.0316
6.66 0.634532 3.97504
6.67 0.673987 3.91534
6.68 0.712829 3.85264
6.69 0.75103 3.78708
6.7 0.788562 3.7188
6.71 0.825397 3.64795
6.72 0.861513 3.57468
6.73 0.896883 3.49912
6.74 0.931488 3.42142
6.75 0.965305 3.34171
6.76 0.998316 3.26014
6.77 1.0305 3.17684
6.78 1.06185 3.09193
6.79 1.09234 3.00555
6.8 1.12195 2.9178
6.81 1.15069 2.82882
6.82 1.17853 2.7387
6.83 1.20546 2.64755
6.84 1.23147 2.55548
6.85 1.25657 2.46257
6.86 1.28072 2.36892
6.87 1.30394 2.27459
6.88 1.32621 2.17968
6.89 1.34753 2.08426
6.9 1.3679 1.98837
6.91 1.3873 1.8921
6.92 1.40574 1.79549
6.93 1.42321 1.69858
6.94 1.43971 1.60143
6.95 1.45524 1.50408
6.96 1.46979 1.40655
6.97 1.48337 1.30889
6.98 1.49597 1.21111
6.99 1.50759 1.11324
7 1.51823 1.01531
7.01 1.52789 0.91732
7.02 1.53658 0.819293
7.03 1.54428 0.721238
7.04 1.551 0.623164
7.05 1.55674 0.525078
7.06 1.5615 0.426985
7.07 1.56528 0.328888
7.08 1.56808 0.230789
7.09 1.5699 0.132689
7.1 1.57074 0.0345887
7.11 1.57059 -0.0635113
7.12 1.56947 -0.161611
7.13 1.56736 -0.259711
7.14 1.56427 -0.35781
7.15 1.5602 -0.455906
7.16 1.55515 -0.553998
7.17 1.54912 -0.652081
7.18 1.54211 -0.75015
7.19 1.53412 -0.848197
7.2 1.52515 -0.946214
7.21 1.5152 -1.04419
7.22 1.50426 -1.14211
7.23 1.49235 -1.23995
7.24 1.47947 -1.33769
7.25 1.4656 -1.43532
7.26 1.45076 -1.5328
7.27 1.43494 -1.6301
7.28 1.41816 -1.72718
7.29 1.4004 -1.824
7.3 1.38168 -1.92052
7.31 1.36199 -2.01669
7.32 1.34135 -2.11244
7.33 1.31975 -2.20772
7.34 1.29719 -2.30247
7.35 1.2737 -2.3966
7.36 1.24926 -2.49004
7.37 1.2239 -2.58272
7.38 1.19761 -2.67453
7.39 1.17041 -2.76538
7.4 1.14231 -2.85518
7.41 1.11331 -2.94381
7.42 1.08344 -3.03116
7.43 1.05269 -3.11712
7.44 1.0211 -3.20157
7.45 0.988668 -3.28438
7.46 0.955418 -3.36541
7.47 0.921366 -3.44454
7.48 0.886534 -3.52162
7.49 0.850941 -3.59652
7.5 0.814611 -3.6691
7.51 0.777567 -3.7392
7.52 0.739836 -3.80669
7.53 0.701443 -3.87143
7.54 0.662417 -3.93326
7.55 0.622788 -3.99205
7.56 0.582586 -4.04766
7.57 0.541846 -4.09995
7.58 0.500599 -4.1488
7.59 0.458881 -4.19408
7.6 0.41673 -4.23567
7.61 0.374181 -4.27346
7.62 0.331273 -4.30735
7.63 0.288047 -4.33724
7.64 0.244542 -4.36306
7.65 0.2008 -4.38472
7.66 0.156862 -4.40217
7.67 0.112771 -4.41536
7.68 0.0685691 -4.42424
7.69 0.0243003 -4.42879
7.7 -0.0199923 -4.429
7.71 -0.0642653 -4.42487
7.72 -0.108475 -4.41641
7.73 -0.152579 -4.40364
7.74 -0.196534 -4.3866
7.75 -0.240297 -4.36535
7.76 -0.283827 -4.33993
7.77 -0.327082 -4.31043
7.78 -0.370022 -4.27693
7.79 -0.412608 -4.23951
7.8 -0.4548 -4.19829
7.81 -0.496561 -4.15336
7.82 -0.537855 -4.10486
7.83 -0.578647 -4.05289
7.84 -0.618902 -3.9976
7.85 -0.658588 -3.93911
7.86 -0.697674 -3.87757
7.87 -0.73613 -3.81311
7.88 -0.773927 -3.74589
7.89 -0.811039 -3.67603
7.9 -0.847439 -3.60369
7.91 -0.883105 -3.52901
7.92 -0.918012 -3.45213
7.93 -0.95214 -3.37319
7.94 -0.98547 -3.29234
7.95 -1.01798 -3.2097
7.96 -1.04966 -3.12541
7.97 -1.08048 -3.03959
7.98 -1.11045 -2.95236
7.99 -1.13953 -2.86385
8 -1.16772 -2.77416
8.01 -1.19501 -2.68341
8.02 -1.22138 -2.59169
8.03 -1.24684 -2.49909
8.04 -1.27136 -2.40572
8.05 -1.29495 -2.31165
8.06 -1.31759 -2.21696
8.07 -1.33929 -2.12173
8.08 -1.36003 -2.02602
8.09 -1.37981 -1.92989
8.1 -1.39862 -1.83341
8.11 -1.41647 -1.73661
8.12 -1.43335 -1.63955
8.13 -1.44926 -1.54227
8.14 -1.4642 -1.44481
8.15 -1.47816 -1.3472
8.16 -1.49114 -1.24946
8.17 -1.50315 -1.15163
8.18 -1.51418 -1.05372
8.19 -1.52422 -0.955746
8.2 -1.53329 -0.857733
8.21 -1.54138 -0.759688
8.22 -1.54848 -0.661621
8.23 -1.55461 -0.563539
8.24 -1.55975 -0.465448
8.25 -1.56392 -0.367352
8.26 -1.5671 -0.269253
8.27 -1.5693 -0.171153
8.28 -1.57052 -0.0730535
8.29 -1.57076 0.0250465
8.3 -1.57002 0.123146
8.31 -1.5683 0.221246
8.32 -1.5656 0.319346
8.33 -1.56191 0.417443
8.34 -1.55725 0.515537
8.35 -1.5516 0.613624
8.36 -1.54498 0.711699
8.37 -1.53737 0.809756
8.38 -1.52878 0.907786
8.39 -1.51921 1.00578
8.4 -1.50867 1.10372
8.41 -1.49714 1.20159
8.42 -1.48464 1.29938
8.43 -1.47115 1.39706
8.44 -1.45669 1.4946
8.45 -1.44126 1.59197
8.46 -1.42486 1.68914
8.47 -1.40748 1.78607
8.48 -1.38914 1.88272
8.49 -1.36983 1.97903
8.5 -1.34956 2.07495
8.51 -1.32833 2.17042
8.52 -1.30615 2.26539
8.53 -1.28302 2.35977
8.54 -1.25896 2.45349
8.55 -1.23396 2.54648
8.56 -1.20803 2.63864
8.57 -1.18119 2.72988
8.58 -1.15344 2.8201
8.59 -1.12479 2.9092
8.6 -1.09526 2.99707
8.61 -1.06485 3.08359
8.62 -1.03359 3.16865
8.63 -1.00148 3.25211
8.64 -0.968552 3.33386
8.65 -0.934812 3.41375
8.66 -0.900283 3.49165
8.67 -0.864986 3.56743
8.68 -0.828942 3.64093
8.69 -0.792176 3.71202
8.7 -0.754711 3.78055
8.71 -0.716574 3.84638
8.72 -0.677792 3.90937
8.73 -0.638396 3.96937
8.74 -0.598415 4.02624
8.75 -0.557882 4.07985
8.76 -0.51683 4.13006
8.77 -0.475293 4.17676
8.78 -0.433307 4.21981
8.79 -0.390909 4.2591
8.8 -0.348138 4.29453
8.81 -0.305032 4.326
8.82 -0.261631 4.35343
8.83 -0.217977 4.37673
8.84 -0.17411 4.39584
8.85 -0.130074 4.4107
8.86 -0.0859108 4.42127
8.87 -0.0416632 4.42752
8.88 0.0026252 4.42944
8.89 0.0469111 4.42701
8.9 0.0911509 4.42024
8.91 0.135302 4.40916
8.92 0.17932 4.39379
8.93 0.223163 4.37418
8.94 0.26679 4.35039
8.95 0.310157 4.32248
8.96 0.353226 4.29054
8.97 0.395955 4.25464
8.98 0.438306 4.2149
8.99 0.48024 4.17141
9 0.521722 4.12429
9.01 0.562714 4.07367
9.02 0.603184 4.01967
9.03 0.643097 3.96242
9.04 0.682422 3.90206
9.05 0.721128 3.83873
9.06 0.759187 3.77257
9.07 0.796571 3.70372
9.08 0.833253 3.63234
9.09 0.869209 3.55856
9.1 0.904417 3.48253
9.11 0.938853 3.40438
9.12 0.972498 3.32426
9.13 1.00533 3.24231
9.14 1.03734 3.15865
9.15 1.0685 3.07341
9.16 1.0988 2.98672
9.17 1.12823 2.8987
9.18 1.15677 2.80946
9.19 1.18442 2.71911
9.2 1.21115 2.62776
9.21 1.23697 2.5355
9.22 1.26186 2.44242
9.23 1.28581 2.34861
9.24 1.30883 2.25416
9.25 1.33089 2.15913
9.26 1.35201 2.0636
9.27 1.37217 1.96763
9.28 1.39136 1.87128
9.29 1.40959 1.7746
9.3 1.42685 1.67764
9.31 1.44314 1.58044
9.32 1.45846 1.48304
9.33 1.4728 1.38549
9.34 1.48617 1.2878
9.35 1.49856 1.19
9.36 1.50997 1.09211
9.37 1.5204 0.994166
9.38 1.52985 0.896168
9.39 1.53832 0.798134
9.4 1.54581 0.700075
9.41 1.55232 0.601998
9.42 1.55785 0.50391
9.43 1.5624 0.405815
9.44 1.56597 0.307718
9.45 1.56856 0.209618
9.46 1.57016 0.111518
9.47 1.57079 0.0134183
9.48 1.57043 -0.0846817
9.49 1.56909 -0.182782
9.5 1.56678 -0.280881
9.51 1.56348 -0.37898
9.52 1.5592 -0.477075
9.53 1.55393 -0.575165
9.54 1.54769 -0.673246
9.55 1.54047 -0.771311
9.56 1.53227 -0.869353
9.57 1.52308 -0.967361
9.58 1.51292 -1.06532
9.59 1.50178 -1.16323
9.6 1.48965 -1.26105
9.61 1.47656 -1.35877
9.62 1.46248 -1.45637
9.63 1.44743 -1.55381
9.64 1.4314 -1.65107
9.65 1.41441 -1.7481
9.66 1.39644 -1.84486
9.67 1.37751 -1.94131
9.68 1.35762 -2.03739
9.69 1.33677 -2.13305
9.7 1.31496 -2.22822
9.71 1.2922 -2.32284
9.72 1.2685 -2.41683
9.73 1.24387 -2.51011
9.74 1.2183 -2.60261
9.75 1.19182 -2.69422
9.76 1.16442 -2.78485
9.77 1.13613 -2.8744
9.78 1.10694 -2.96277
9.79 1.07688 -3.04983
9.8 1.04595 -3.13548
9.81 1.01417 -3.21958
9.82 0.981561 -3.30202
9.83 0.948136 -3.38265
9.84 0.913915 -3.46135
9.85 0.878916 -3.53798
9.86 0.843163 -3.61239
9.87 0.806676 -3.68444
9.88 0.769482 -3.754
9.89 0.731605 -3.8209
9.9 0.693073 -3.88502
9.91 0.653915 -3.94621
9.92 0.614159 -4.00432
9.93 0.573839 -4.05923
9.94 0.532986 -4.11079
9.95 0.491635 -4.15888
9.96 0.44982 -4.20337
9.97 0.40758 -4.24415
9.98 0.36495 -4.2811
9.99 0.321971 -4.31414
10 0.278681 -4.34316
