0 0.0698132 0
0.01 0.069779 -0.00684199
0.02 0.0696764 -0.0136773
0.03 0.0695055 -0.0204992
0.04 0.0692664 -0.0273011
0.05 0.0689595 -0.0340762
0.06 0.068585 -0.040818
0.07 0.0681433 -0.0475198
0.08 0.0676348 -0.0541752
0.09 0.06706 -0.0607775
0.1 0.0664194 -0.0673203
0.11 0.0657138 -0.0737973
0.12 0.0649437 -0.080202
0.13 0.06411 -0.0865282
0.14 0.0632134 -0.0927697
0.15 0.0622549 -0.0989204
0.16 0.0612354 -0.104974
0.17 0.0601558 -0.110925
0.18 0.0590172 -0.116768
0.19 0.0578208 -0.122496
0.2 0.0565677 -0.128104
0.21 0.0552591 -0.133587
0.22 0.0538964 -0.138939
0.23 0.0524808 -0.144154
0.24 0.0510138 -0.149229
0.25 0.0494967 -0.154157
0.26 0.0479311 -0.158935
0.27 0.0463186 -0.163556
0.28 0.0446605 -0.168018
0.29 0.0429587 -0.172314
0.3 0.0412148 -0.176442
0.31 0.0394305 -0.180397
0.32 0.0376075 -0.184175
0.33 0.0357476 -0.187773
0.34 0.0338526 -0.191186
0.35 0.0319245 -0.194412
0.36 0.029965 -0.197448
0.37 0.0279762 -0.200289
0.38 0.0259599 -0.202935
0.39 0.0239181 -0.205381
0.4 0.0218529 -0.207626
0.41 0.0197663 -0.209668
0.42 0.0176603 -0.211504
0.43 0.0155369 -0.213132
0.44 0.0133983 -0.214551
0.45 0.0112466 -0.21576
0.46 0.00908381 -0.216758
0.47 0.00691214 -0.217542
0.48 0.00473368 -0.218114
0.49 0.00255058 -0.218471
0.5 0.000364976 -0.218614
0.51 -0.00182098 -0.218542
0.52 -0.00400516 -0.218257
0.53 -0.0061854 -0.217757
0.54 -0.00835958 -0.217043
0.55 -0.0105256 -0.216117
0.56 -0.0126812 -0.214979
0.57 -0.0148244 -0.213629
0.58 -0.0169531 -0.212071
0.59 -0.0190651 -0.210304
0.6 -0.0211585 -0.208331
0.61 -0.0232311 -0.206154
0.62 -0.0252809 -0.203774
0.63 -0.0273059 -0.201195
0.64 -0.0293041 -0.198418
0.65 -0.0312736 -0.195447
0.66 -0.0332124 -0.192284
0.67 -0.0351187 -0.188933
0.68 -0.0369905 -0.185397
0.69 -0.038826 -0.181678
0.7 -0.0406234 -0.177782
0.71 -0.0423811 -0.173712
0.72 -0.0440971 -0.169471
0.73 -0.0457699 -0.165064
0.74 -0.0473978 -0.160495
0.75 -0.0489793 -0.155769
0.76 -0.0505127 -0.150891
0.77 -0.0519966 -0.145865
0.78 -0.0534295 -0.140696
0.79 -0.0548101 -0.135389
0.8 -0.0561369 -0.129949
0.81 -0.0574086 -0.124382
0.82 -0.0586241 -0.118693
0.83 -0.0597821 -0.112888
0.84 -0.0608815 -0.106973
0.85 -0.0619212 -0.100953
0.86 -0.0629002 -0.0948338
0.87 -0.0638176 -0.088622
0.88 -0.0646724 -0.0823234
0.89 -0.0654638 -0.0759442
0.9 -0.066191 -0.0694906
0.91 -0.0668534 -0.0629691
0.92 -0.0674502 -0.0563859
0.93 -0.0679809 -0.0497475
0.94 -0.068445 -0.0430605
0.95 -0.068842 -0.0363313
0.96 -0.0691715 -0.0295666
0.97 -0.0694332 -0.0227729
0.98 -0.0696269 -0.0159569
0.99 -0.0697523 -0.00912536
1 -0.0698094 -0.00228486
1.01 -0.069798 0.00455788
1.02 -0.0697182 0.0113962
1.03 -0.0695701 0.0182233
1.04 -0.0693538 0.0250326
1.05 -0.0690695 0.0318174
1.06 -0.0687176 0.038571
1.07 -0.0682982 0.045287
1.08 -0.067812 0.0519586
1.09 -0.0672592 0.0585793
1.1 -0.0666406 0.0651427
1.11 -0.0659566 0.0716424
1.12 -0.065208 0.0780719
1.13 -0.0643954 0.084425
1.14 -0.0635197 0.0906955
1.15 -0.0625818 0.0968772
1.16 -0.0615825 0.102964
1.17 -0.0605229 0.10895
1.18 -0.0594039 0.114829
1.19 -0.0582266 0.120596
1.2 -0.0569923 0.126245
1.21 -0.0557021 0.13177
1.22 -0.0543574 0.137167
1.23 -0.0529593 0.142428
1.24 -0.0515093 0.147551
1.25 -0.0500087 0.152528
1.26 -0.0484592 0.157357
1.27 -0.0468621 0.162031
1.28 -0.0452191 0.166546
1.29 -0.0435317 0.170898
1.3 -0.0418017 0.175083
1.31 -0.0400307 0.179096
1.32 -0.0382204 0.182934
1.33 -0.0363726 0.186592
1.34 -0.0344891 0.190067
1.35 -0.0325719 0.193356
1.36 -0.0306226 0.196455
1.37 -0.0286434 0.199362
1.38 -0.0266361 0.202074
1.39 -0.0246026 0.204587
1.4 -0.022545 0.206899
1.41 -0.0204653 0.209009
1.42 -0.0183655 0.210914
1.43 -0.0162477 0.212612
1.44 -0.014114 0.214101
1.45 -0.0119664 0.21538
1.46 -0.00980705 0.216448
1.47 -0.00763811 0.217304
1.48 -0.00546168 0.217947
1.49 -0.00327989 0.218375
1.5 -0.00109489 0.21859
1.51 0.00109119 0.21859
1.52 0.0032762 0.218376
1.53 0.00545799 0.217947
1.54 0.00763444 0.217305
1.55 0.00980339 0.21645
1.56 0.0119627 0.215382
1.57 0.0141103 0.214103
1.58 0.0162441 0.212614
1.59 0.0183619 0.210917
1.6 0.0204617 0.209012
1.61 0.0225415 0.206903
1.62 0.0245991 0.204591
1.63 0.0266326 0.202078
1.64 0.02864 0.199367
1.65 0.0306193 0.196461
1.66 0.0325686 0.193361
1.67 0.0344859 0.190073
1.68 0.0363694 0.186598
1.69 0.0382173 0.18294
1.7 0.0400276 0.179103
1.71 0.0417987 0.17509
1.72 0.0435288 0.170905
1.73 0.0452163 0.166554
1.74 0.0468594 0.162038
1.75 0.0484565 0.157365
1.76 0.0500062 0.152537
1.77 0.0515068 0.147559
1.78 0.0529569 0.142437
1.79 0.054355 0.137176
1.8 0.0556999 0.13178
1.81 0.0569902 0.126255
1.82 0.0582246 0.120606
1.83 0.0594019 0.114839
1.84 0.060521 0.10896
1.85 0.0615808 0.102974
1.86 0.0625802 0.0968876
1.87 0.0635182 0.090706
1.88 0.064394 0.0844357
1.89 0.0652066 0.0780827
1.9 0.0659554 0.0716533
1.91 0.0666395 0.0651538
1.92 0.0672582 0.0585905
1.93 0.0678111 0.0519698
1.94 0.0682975 0.0452983
1.95 0.0687169 0.0385824
1.96 0.069069 0.0318288
1.97 0.0693534 0.0250441
1.98 0.0695698 0.0182348
1.99 0.069718 0.0114077
2 0.0697979 0.00456946
2.01 0.0698094 -0.00227327
2.02 0.0697525 -0.00911379
2.03 0.0696271 -0.0159454
2.04 0.0694336 -0.0227614
2.05 0.069172 -0.0295551
2.06 0.0688426 -0.0363199
2.07 0.0684457 -0.0430491
2.08 0.0679818 -0.0497363
2.09 0.0674512 -0.0563747
2.1 0.0668544 -0.062958
2.11 0.0661922 -0.0694796
2.12 0.0654651 -0.0759333
2.13 0.0646738 -0.0823126
2.14 0.0638191 -0.0886114
2.15 0.0629018 -0.0948234
2.16 0.0619229 -0.100943
2.17 0.0608833 -0.106963
2.18 0.059784 -0.112879
2.19 0.0586261 -0.118684
2.2 0.0574107 -0.124373
2.21 0.0561391 -0.12994
2.22 0.0548124 -0.135379
2.23 0.0534319 -0.140687
2.24 0.0519991 -0.145856
2.25 0.0505153 -0.150883
2.26 0.0489819 -0.155761
2.27 0.0474006 -0.160487
2.28 0.0457727 -0.165056
2.29 0.0441 -0.169463
2.3 0.042384 -0.173705
2.31 0.0406265 -0.177775
2.32 0.0388291 -0.181672
2.33 0.0369936 -0.18539
2.34 0.0351219 -0.188927
2.35 0.0332157 -0.192279
2.36 0.0312769 -0.195442
2.37 0.0293075 -0.198413
2.38 0.0273093 -0.20119
2.39 0.0252843 -0.20377
2.4 0.0232346 -0.20615
2.41 0.021162 -0.208327
2.42 0.0190687 -0.210301
2.43 0.0169567 -0.212068
2.44 0.014828 -0.213627
2.45 0.0126849 -0.214976
2.46 0.0105292 -0.216115
2.47 0.00836325 -0.217042
2.48 0.00618909 -0.217756
2.49 0.00400885 -0.218256
2.5 0.00182468 -0.218542
2.51 -0.000361276 -0.218614
2.52 -0.00254688 -0.218471
2.53 -0.00472999 -0.218114
2.54 -0.00690845 -0.217543
2.55 -0.00908014 -0.216759
2.56 -0.0112429 -0.215762
2.57 -0.0133947 -0.214554
2.58 -0.0155333 -0.213135
2.59 -0.0176567 -0.211507
2.6 -0.0197627 -0.209671
2.61 -0.0218494 -0.20763
2.62 -0.0239147 -0.205385
2.63 -0.0259565 -0.202939
2.64 -0.0279728 -0.200294
2.65 -0.0299617 -0.197453
2.66 -0.0319212 -0.194417
2.67 -0.0338494 -0.191192
2.68 -0.0357444 -0.187779
2.69 -0.0376044 -0.184181
2.7 -0.0394274 -0.180404
2.71 -0.0412118 -0.176449
2.72 -0.0429558 -0.172321
2.73 -0.0446577 -0.168025
2.74 -0.0463158 -0.163564
2.75 -0.0479284 -0.158943
2.76 -0.0494941 -0.154166
2.77 -0.0510113 -0.149237
2.78 -0.0524784 -0.144163
2.79 -0.053894 -0.138948
2.8 -0.0552569 -0.133596
2.81 -0.0565655 -0.128113
2.82 -0.0578187 -0.122505
2.83 -0.0590152 -0.116778
2.84 -0.0601539 -0.110935
2.85 -0.0612336 -0.104984
2.86 -0.0622532 -0.0989307
2.87 -0.0632119 -0.0927802
2.88 -0.0641085 -0.0865389
2.89 -0.0649424 -0.0802128
2.9 -0.0657125 -0.0738082
2.91 -0.0664183 -0.0673314
2.92 -0.0670589 -0.0607886
2.93 -0.0676339 -0.0541864
2.94 -0.0681425 -0.0475311
2.95 -0.0685843 -0.0408294
2.96 -0.0689589 -0.0340876
2.97 -0.069266 -0.0273126
2.98 -0.0695051 -0.0205107
2.99 -0.0696761 -0.0136889
3 -0.0697788 -0.00685357
3.01 -0.0698132 -1.15823e-05
3.02 -0.0697791 0.00683042
3.03 -0.0696766 0.0136657
3.04 -0.0695058 0.0204877
3.05 -0.0692669 0.0272896
3.06 -0.0689601 0.0340648
3.07 -0.0685857 0.0408066
3.08 -0.0681441 0.0475085
3.09 -0.0676357 0.054164
3.1 -0.067061 0.0607664
3.11 -0.0664206 0.0673093
3.12 -0.065715 0.0737864
3.13 -0.0649451 0.0801912
3.14 -0.0641115 0.0865176
3.15 -0.063215 0.0927592
3.16 -0.0622566 0.0989101
3.17 -0.0612371 0.104964
3.18 -0.0601576 0.110915
3.19 -0.0590192 0.116758
3.2 -0.0578229 0.122486
3.21 -0.0565699 0.128095
3.22 -0.0552614 0.133578
3.23 -0.0538987 0.13893
3.24 -0.0524833 0.144146
3.25 -0.0510163 0.14922
3.26 -0.0494993 0.154149
3.27 -0.0479338 0.158927
3.28 -0.0463213 0.163549
3.29 -0.0446634 0.16801
3.3 -0.0429617 0.172307
3.31 -0.0412178 0.176435
3.32 -0.0394335 0.18039
3.33 -0.0376106 0.184169
3.34 -0.0357508 0.187767
3.35 -0.0338559 0.191181
3.36 -0.0319278 0.194407
3.37 -0.0299684 0.197443
3.38 -0.0279796 0.200285
3.39 -0.0259633 0.202931
3.4 -0.0239216 0.205377
3.41 -0.0218564 0.207623
3.42 -0.0197698 0.209665
3.43 -0.0176638 0.211501
3.44 -0.0155405 0.21313
3.45 -0.0134019 0.214549
3.46 -0.0112502 0.215758
3.47 -0.00908748 0.216756
3.48 -0.00691582 0.217541
3.49 -0.00473737 0.218113
3.5 -0.00255428 0.21847
3.51 -0.000368677 0.218614
3.52 0.00181728 0.218543
3.53 0.00400146 0.218257
3.54 0.00618172 0.217758
3.55 0.00835591 0.217045
3.56 0.0105219 0.216119
3.57 0.0126776 0.214981
3.58 0.0148208 0.213632
3.59 0.0169495 0.212073
3.6 0.0190616 0.210307
3.61 0.021155 0.208334
3.62 0.0232276 0.206157
3.63 0.0252774 0.203778
3.64 0.0273025 0.201199
3.65 0.0293008 0.198423
3.66 0.0312703 0.195452
3.67 0.0332092 0.19229
3.68 0.0351155 0.188939
3.69 0.0369873 0.185403
3.7 0.0388229 0.181685
3.71 0.0406204 0.177789
3.72 0.0423781 0.173719
3.73 0.0440942 0.169478
3.74 0.0457671 0.165072
3.75 0.0473951 0.160503
3.76 0.0489767 0.155778
3.77 0.0505102 0.150899
3.78 0.0519942 0.145873
3.79 0.0534272 0.140704
3.8 0.0548078 0.135398
3.81 0.0561347 0.129958
3.82 0.0574065 0.124392
3.83 0.0586221 0.118703
3.84 0.0597802 0.112898
3.85 0.0608797 0.106983
3.86 0.0619195 0.100963
3.87 0.0628986 0.0948443
3.88 0.0638161 0.0886326
3.89 0.064671 0.0823341
3.9 0.0654625 0.075955
3.91 0.0661898 0.0695016
3.92 0.0668523 0.0629802
3.93 0.0674492 0.0563971
3.94 0.0679801 0.0497588
3.95 0.0684443 0.0430718
3.96 0.0688414 0.0363427
3.97 0.069171 0.029578
3.98 0.0694328 0.0227844
3.99 0.0696266 0.0159685
4 0.0697521 0.00913693
4.01 0.0698093 0.00229644
4.02 0.0697981 -0.0045463
4.03 0.0697184 -0.0113846
4.04 0.0695704 -0.0182117
4.05 0.0693542 -0.0250211
4.06 0.0690701 -0.0318059
4.07 0.0687182 -0.0385596
4.08 0.068299 -0.0452756
4.09 0.0678129 -0.0519473
4.1 0.0672602 -0.0585681
4.11 0.0666417 -0.0651317
4.12 0.0659578 -0.0716314
4.13 0.0652093 -0.0780611
4.14 0.0643968 -0.0844143
4.15 0.0635213 -0.090685
4.16 0.0625834 -0.0968668
4.17 0.0615843 -0.102954
4.18 0.0605247 -0.10894
4.19 0.0594058 -0.11482
4.2 0.0582287 -0.120587
4.21 0.0569945 -0.126236
4.22 0.0557044 -0.131761
4.23 0.0543597 -0.137157
4.24 0.0529617 -0.142419
4.25 0.0515117 -0.147542
4.26 0.0500113 -0.15252
4.27 0.0484618 -0.157349
4.28 0.0468649 -0.162023
4.29 0.0452219 -0.166539
4.3 0.0435346 -0.170891
4.31 0.0418047 -0.175076
4.32 0.0400337 -0.179089
4.33 0.0382235 -0.182927
4.34 0.0363757 -0.186586
4.35 0.0344924 -0.190061
4.36 0.0325751 -0.193351
4.37 0.030626 -0.19645
4.38 0.0286468 -0.199358
4.39 0.0266395 -0.202069
4.4 0.024606 -0.204583
4.41 0.0225485 -0.206896
4.42 0.0204688 -0.209006
4.43 0.0183691 -0.210911
4.44 0.0162513 -0.212609
4.45 0.0141176 -0.214099
4.46 0.01197 -0.215378
4.47 0.00981071 -0.216447
4.48 0.00764179 -0.217303
4.49 0.00546537 -0.217946
4.5 0.00328359 -0.218375
4.51 0.00109859 -0.21859
4.52 -0.00108749 -0.21859
4.53 -0.0032725 -0.218376
4.54 -0.00545431 -0.217948
4.55 -0.00763076 -0.217307
4.56 -0.00979972 -0.216451
4.57 -0.0119591 -0.215384
4.58 -0.0141067 -0.214106
4.59 -0.0162405 -0.212617
4.6 -0.0183583 -0.21092
4.61 -0.0204582 -0.209016
4.62 -0.022538 -0.206907
4.63 -0.0245957 -0.204595
4.64 -0.0266292 -0.202082
4.65 -0.0286366 -0.199372
4.66 -0.030616 -0.196466
4.67 -0.0325653 -0.193367
4.68 -0.0344827 -0.190079
4.69 -0.0363663 -0.186604
4.7 -0.0382142 -0.182946
4.71 -0.0400246 -0.179109
4.72 -0.0417958 -0.175097
4.73 -0.043526 -0.170913
4.74 -0.0452135 -0.166561
4.75 -0.0468566 -0.162046
4.76 -0.0484539 -0.157373
4.77 -0.0500036 -0.152545
4.78 -0.0515043 -0.147568
4.79 -0.0529544 -0.142446
4.8 -0.0543527 -0.137185
4.81 -0.0556977 -0.131789
4.82 -0.0569881 -0.126264
4.83 -0.0582226 -0.120616
4.84 -0.0594 -0.114849
4.85 -0.0605192 -0.10897
4.86 -0.061579 -0.102984
4.87 -0.0625785 -0.096898
4.88 -0.0635167 -0.0907166
4.89 -0.0643926 -0.0844464
4.9 -0.0652053 -0.0780936
4.91 -0.0659542 -0.0716643
4.92 -0.0666384 -0.0651648
4.93 -0.0672573 -0.0586016
4.94 -0.0678102 -0.0519811
4.95 -0.0682967 -0.0453096
4.96 -0.0687163 -0.0385938
4.97 -0.0690685 -0.0318403
4.98 -0.069353 -0.0250556
4.99 -0.0695695 -0.0182464
5 -0.0697178 -0.0114193
5.01 -0.0697978 -0.00458104
5.02 -0.0698094 0.00226169
5.03 -0.0697526 0.00910221
5.04 -0.0696274 0.0159338
5.05 -0.069434 0.0227499
5.06 -0.0691725 0.0295436
5.07 -0.0688432 0.0363085
5.08 -0.0684464 0.0430378
5.09 -0.0679826 0.049725
5.1 -0.0674521 0.0563635
5.11 -0.0668555 0.0629469
5.12 -0.0661934 0.0694687
5.13 -0.0654664 0.0759224
5.14 -0.0646752 0.0823019
5.15 -0.0638206 0.0886008
5.16 -0.0629034 0.094813
5.17 -0.0619246 0.100932
5.18 -0.0608851 0.106953
5.19 -0.0597859 0.112869
5.2 -0.0586281 0.118674
5.21 -0.0574128 0.124363
5.22 -0.0561413 0.12993
5.23 -0.0548147 0.13537
5.24 -0.0534343 0.140678
5.25 -0.0520016 0.145847
5.26 -0.0505178 0.150874
5.27 -0.0489846 0.155753
5.28 -0.0474033 0.16048
5.29 -0.0457755 0.165049
5.3 -0.0441028 0.169456
5.31 -0.0423869 0.173697
5.32 -0.0406295 0.177769
5.33 -0.0388321 0.181665
5.34 -0.0369967 0.185384
5.35 -0.0351251 0.188921
5.36 -0.0332189 0.192273
5.37 -0.0312802 0.195437
5.38 -0.0293108 0.198408
5.39 -0.0273127 0.201186
5.4 -0.0252878 0.203766
5.41 -0.0232381 0.206146
5.42 -0.0211655 0.208324
5.43 -0.0190723 0.210298
5.44 -0.0169603 0.212065
5.45 -0.0148317 0.213624
5.46 -0.0126885 0.214974
5.47 -0.0105329 0.216113
5.48 -0.00836693 0.217041
5.49 -0.00619277 0.217755
5.5 -0.00401255 0.218255
5.51 -0.00182838 0.218542
5.52 0.000357576 0.218614
5.53 0.00254318 0.218472
5.54 0.0047263 0.218115
5.55 0.00690477 0.217545
5.56 0.00907648 0.216761
5.57 0.0112393 0.215764
5.58 0.0133911 0.214556
5.59 0.0155297 0.213137
5.6 0.0176531 0.21151
5.61 0.0197592 0.209674
5.62 0.0218459 0.207634
5.63 0.0239112 0.205389
5.64 0.025953 0.202944
5.65 0.0279694 0.200299
5.66 0.0299583 0.197458
5.67 0.0319179 0.194423
5.68 0.0338462 0.191197
5.69 0.0357412 0.187785
5.7 0.0376012 0.184188
5.71 0.0394244 0.18041
5.72 0.0412088 0.176456
5.73 0.0429529 0.172329
5.74 0.0446549 0.168032
5.75 0.046313 0.163572
5.76 0.0479258 0.158951
5.77 0.0494915 0.154174
5.78 0.0510087 0.149246
5.79 0.0524759 0.144172
5.8 0.0538917 0.138956
5.81 0.0552546 0.133605
5.82 0.0565634 0.128123
5.83 0.0578166 0.122515
5.84 0.0590133 0.116787
5.85 0.060152 0.110945
5.86 0.0612318 0.104995
5.87 0.0622516 0.0989411
5.88 0.0632103 0.0927907
5.89 0.0641071 0.0865495
5.9 0.064941 0.0802236
5.91 0.0657113 0.0738191
5.92 0.0664171 0.0673424
5.93 0.0670579 0.0607998
5.94 0.0676329 0.0541976
5.95 0.0681417 0.0475425
5.96 0.0685836 0.0408408
5.97 0.0689584 0.0340991
5.98 0.0692655 0.027324
5.99 0.0695048 0.0205223
6 0.0696759 0.0137004
6.01 0.0697787 0.00686515
6.02 0.0698132 2.31646e-05
6.03 0.0697792 -0.00681884
6.04 0.0696768 -0.0136542
6.05 0.0695061 -0.0204761
6.06 0.0692674 -0.0272781
6.07 0.0689607 -0.0340533
6.08 0.0685864 -0.0407952
6.09 0.0681449 -0.0474972
6.1 0.0676366 -0.0541527
6.11 0.067062 -0.0607553
6.12 0.0664217 -0.0672983
6.13 0.0657163 -0.0737755
6.14 0.0649464 -0.0801805
6.15 0.0641129 -0.0865069
6.16 0.0632166 -0.0927487
6.17 0.0622583 -0.0988998
6.18 0.0612389 -0.104954
6.19 0.0601595 -0.110905
6.2 0.0590212 -0.116748
6.21 0.0578249 -0.122477
6.22 0.056572 -0.128085
6.23 0.0552637 -0.133568
6.24 0.0539011 -0.138921
6.25 0.0524857 -0.144137
6.26 0.0510188 -0.149212
6.27 0.0495019 -0.154141
6.28 0.0479365 -0.158919
6.29 0.0463241 -0.163541
6.3 0.0446662 -0.168003
6.31 0.0429646 -0.1723
6.32 0.0412208 -0.176428
6.33 0.0394366 -0.180384
6.34 0.0376137 -0.184163
6.35 0.0357539 -0.187761
6.36 0.0338591 -0.191175
6.37 0.0319311 -0.194402
6.38 0.0299717 -0.197438
6.39 0.027983 -0.20028
6.4 0.0259668 -0.202926
6.41 0.0239251 -0.205373
6.42 0.02186 -0.207619
6.43 0.0197734 -0.209661
6.44 0.0176674 -0.211498
6.45 0.0155441 -0.213127
6.46 0.0134056 -0.214547
6.47 0.0112539 -0.215757
6.48 0.00909115 -0.216755
6.49 0.0069195 -0.21754
6.5 0.00474106 -0.218112
6.51 0.00255797 -0.21847
6.52 0.000372377 -0.218614
6.53 -0.00181359 -0.218543
6.54 -0.00399777 -0.218258
6.55 -0.00617803 -0.217759
6.56 -0.00835223 -0.217046
6.57 -0.0105182 -0.21612
6.58 -0.0126739 -0.214983
6.59 -0.0148172 -0.213634
6.6 -0.0169459 -0.212076
6.61 -0.019058 -0.21031
6.62 -0.0211514 -0.208338
6.63 -0.0232241 -0.206161
6.64 -0.025274 -0.203782
6.65 -0.0272991 -0.201204
6.66 -0.0292974 -0.198428
6.67 -0.031267 -0.195457
6.68 -0.0332059 -0.192295
6.69 -0.0351123 -0.188945
6.7 -0.0369842 -0.185409
6.71 -0.0388198 -0.181691
6.72 -0.0406174 -0.177796
6.73 -0.0423752 -0.173726
6.74 -0.0440914 -0.169485
6.75 -0.0457643 -0.165079
6.76 -0.0473924 -0.160511
6.77 -0.048974 -0.155786
6.78 -0.0505076 -0.150908
6.79 -0.0519917 -0.145882
6.8 -0.0534248 -0.140713
6.81 -0.0548055 -0.135407
6.82 -0.0561325 -0.129968
6.83 -0.0574044 -0.124401
6.84 -0.0586201 -0.118713
6.85 -0.0597783 -0.112908
6.86 -0.0608779 -0.106993
6.87 -0.0619178 -0.100973
6.88 -0.062897 -0.0948547
6.89 -0.0638146 -0.0886431
6.9 -0.0646696 -0.0823448
6.91 -0.0654612 -0.0759659
6.92 -0.0661887 -0.0695126
6.93 -0.0668512 -0.0629913
6.94 -0.0674483 -0.0564083
6.95 -0.0679792 -0.0497701
6.96 -0.0684435 -0.0430832
6.97 -0.0688407 -0.0363541
6.98 -0.0691705 -0.0295895
6.99 -0.0694324 -0.0227959
7 -0.0696263 -0.01598
7.01 -0.069752 -0.0091485
7.02 -0.0698093 -0.00230802
7.03 -0.0697981 0.00453472
7.04 -0.0697186 0.011373
7.05 -0.0695707 0.0182002
7.06 -0.0693547 0.0250096
7.07 -0.0690706 0.0317945
7.08 -0.0687189 0.0385482
7.09 -0.0682998 0.0452643
7.1 -0.0678137 0.0519361
7.11 -0.0672612 0.058557
7.12 -0.0666428 0.0651206
7.13 -0.065959 0.0716205
7.14 -0.0652106 0.0780503
7.15 -0.0643983 0.0844037
7.16 -0.0635228 0.0906744
7.17 -0.0625851 0.0968564
7.18 -0.061586 0.102944
7.19 -0.0605265 0.10893
7.2 -0.0594078 0.11481
7.21 -0.0582307 0.120577
7.22 -0.0569966 0.126226
7.23 -0.0557066 0.131752
7.24 -0.054362 0.137148
7.25 -0.0529641 0.142411
7.26 -0.0515142 0.147533
7.27 -0.0500139 0.152512
7.28 -0.0484645 0.15734
7.29 -0.0468676 0.162015
7.3 -0.0452247 0.166531
7.31 -0.0435375 0.170884
7.32 -0.0418076 0.175069
7.33 -0.0400367 0.179083
7.34 -0.0382266 0.182921
7.35 -0.0363789 0.18658
7.36 -0.0344956 0.190056
7.37 -0.0325784 0.193345
7.38 -0.0306293 0.196445
7.39 -0.0286501 0.199353
7.4 -0.0266429 0.202065
7.41 -0.0246095 0.204579
7.42 -0.022552 0.206892
7.43 -0.0204723 0.209002
7.44 -0.0183726 0.210908
7.45 -0.0162549 0.212606
7.46 -0.0141212 0.214096
7.47 -0.0119737 0.215376
7.48 -0.00981438 0.216445
7.49 -0.00764547 0.217301
7.5 -0.00546906 0.217945
7.51 -0.00328729 0.218374
7.52 -0.00110229 0.21859
7.53 0.00108379 0.218591
7.54 0.00326881 0.218377
7.55 0.00545062 0.217949
7.56 0.00762708 0.217308
7.57 0.00979606 0.216453
7.58 0.0119554 0.215386
7.59 0.0141031 0.214108
7.6 0.0162369 0.21262
7.61 0.0183548 0.210923
7.62 0.0204547 0.209019
7.63 0.0225345 0.206911
7.64 0.0245922 0.204599
7.65 0.0266258 0.202087
7.66 0.0286333 0.199377
7.67 0.0306127 0.196471
7.68 0.032562 0.193372
7.69 0.0344795 0.190084
7.7 0.0363631 0.18661
7.71 0.0382111 0.182953
7.72 0.0400216 0.179116
7.73 0.0417928 0.175104
7.74 0.0435231 0.17092
7.75 0.0452106 0.166569
7.76 0.0468539 0.162054
7.77 0.0484512 0.157381
7.78 0.050001 0.152553
7.79 0.0515018 0.147576
7.8 0.052952 0.142455
7.81 0.0543504 0.137194
7.82 0.0556955 0.131798
7.83 0.0569859 0.126274
7.84 0.0582205 0.120625
7.85 0.059398 0.114859
7.86 0.0605173 0.10898
7.87 0.0615773 0.102995
7.88 0.0625769 0.0969083
7.89 0.0635151 0.0907271
7.9 0.0643911 0.0844571
7.91 0.065204 0.0781044
7.92 0.065953 0.0716752
7.93 0.0666373 0.0651759
7.94 0.0672563 0.0586128
7.95 0.0678093 0.0519923
7.96 0.0682959 0.045321
7.97 0.0687156 0.0386052
7.98 0.0690679 0.0318518
7.99 0.0693525 0.0250671
8 0.0695692 0.0182579
8.01 0.0697176 0.0114309
8.02 0.0697978 0.00459262
8.03 0.0698095 -0.00225011
8.04 0.0697528 -0.00909064
8.05 0.0696277 -0.0159223
8.06 0.0694344 -0.0227383
8.07 0.069173 -0.0295321
8.08 0.0688438 -0.036297
8.09 0.0684472 -0.0430264
8.1 0.0679834 -0.0497137
8.11 0.0674531 -0.0563523
8.12 0.0668566 -0.0629358
8.13 0.0661945 -0.0694577
8.14 0.0654676 -0.0759116
8.15 0.0646766 -0.0822912
8.16 0.0638221 -0.0885902
8.17 0.0629051 -0.0948025
8.18 0.0619263 -0.100922
8.19 0.0608869 -0.106943
8.2 0.0597878 -0.112859
8.21 0.0586301 -0.118664
8.22 0.0574149 -0.124353
8.23 0.0561435 -0.129921
8.24 0.054817 -0.135361
8.25 0.0534367 -0.140669
8.26 0.052004 -0.145839
8.27 0.0505204 -0.150866
8.28 0.0489872 -0.155745
8.29 0.047406 -0.160472
8.3 0.0457783 -0.165041
8.31 0.0441057 -0.169449
8.32 0.0423899 -0.17369
8.33 0.0406325 -0.177762
8.34 0.0388352 -0.181659
8.35 0.0369999 -0.185378
8.36 0.0351283 -0.188916
8.37 0.0332222 -0.192268
8.38 0.0312835 -0.195431
8.39 0.0293142 -0.198404
8.4 0.0273161 -0.201181
8.41 0.0252912 -0.203761
8.42 0.0232415 -0.206142
8.43 0.0211691 -0.20832
8.44 0.0190758 -0.210294
8.45 0.0169639 -0.212062
8.46 0.0148353 -0.213622
8.47 0.0126921 -0.214972
8.48 0.0105365 -0.216112
8.49 0.0083706 -0.217039
8.5 0.00619646 -0.217754
8.51 0.00401624 -0.218255
8.52 0.00183208 -0.218542
8.53 -0.000353876 -0.218614
8.54 -0.00253949 -0.218472
8.55 -0.0047226 -0.218116
8.56 -0.00690109 -0.217546
8.57 -0.00907281 -0.216762
8.58 -0.0112356 -0.215766
8.59 -0.0133874 -0.214558
8.6 -0.0155261 -0.21314
8.61 -0.0176495 -0.211513
8.62 -0.0197556 -0.209678
8.63 -0.0218424 -0.207637
8.64 -0.0239077 -0.205393
8.65 -0.0259496 -0.202948
8.66 -0.027966 -0.200303
8.67 -0.029955 -0.197463
8.68 -0.0319146 -0.194428
8.69 -0.0338429 -0.191203
8.7 -0.035738 -0.18779
8.71 -0.0375981 -0.184194
8.72 -0.0394213 -0.180417
8.73 -0.0412059 -0.176463
8.74 -0.04295 -0.172336
8.75 -0.044652 -0.16804
8.76 -0.0463102 -0.163579
8.77 -0.0479231 -0.158958
8.78 -0.0494889 -0.154182
8.79 -0.0510062 -0.149254
8.8 -0.0524735 -0.14418
8.81 -0.0538893 -0.138965
8.82 -0.0552523 -0.133614
8.83 -0.0565612 -0.128132
8.84 -0.0578146 -0.122525
8.85 -0.0590113 -0.116797
8.86 -0.0601501 -0.110955
8.87 -0.06123 -0.105005
8.88 -0.0622499 -0.0989514
8.89 -0.0632087 -0.0928012
8.9 -0.0641056 -0.0865601
8.91 -0.0649396 -0.0802343
8.92 -0.06571 -0.07383
8.93 -0.066416 -0.0673534
8.94 -0.0670569 -0.0608109
8.95 -0.067632 -0.0542088
8.96 -0.0681409 -0.0475538
8.97 -0.0685829 -0.0408521
8.98 -0.0689578 -0.0341105
8.99 -0.069265 -0.0273355
9 -0.0695044 -0.0205338
9.01 -0.0696757 -0.013712
9.02 -0.0697786 -0.00687672
9.03 -0.0698132 -3.47468e-05
9.04 -0.0697793 0.00680726
9.05 -0.069677 0.0136426
9.06 -0.0695065 0.0204646
9.07 -0.0692678 0.0272666
9.08 -0.0689613 0.0340419
9.09 -0.0685871 0.0407839
9.1 -0.0681457 0.0474859
9.11 -0.0676375 0.0541415
9.12 -0.0670631 0.0607441
9.13 -0.0664228 0.0672873
9.14 -0.0657175 0.0737646
9.15 -0.0649478 0.0801697
9.16 -0.0641144 0.0864963
9.17 -0.0632182 0.0927383
9.18 -0.0622599 0.0988894
9.19 -0.0612407 0.104944
9.2 -0.0601614 0.110895
9.21 -0.0590231 0.116738
9.22 -0.057827 0.122467
9.23 -0.0565742 0.128076
9.24 -0.0552659 0.133559
9.25 -0.0539034 0.138912
9.26 -0.0524881 0.144128
9.27 -0.0510214 0.149204
9.28 -0.0495046 0.154133
9.29 -0.0479392 0.158911
9.3 -0.0463269 0.163533
9.31 -0.0446691 0.167995
9.32 -0.0429675 0.172293
9.33 -0.0412238 0.176422
9.34 -0.0394396 0.180377
9.35 -0.0376168 0.184156
9.36 -0.0357571 0.187755
9.37 -0.0338623 0.191169
9.38 -0.0319344 0.194396
9.39 -0.029975 0.197433
9.4 -0.0279863 0.200276
9.41 -0.0259702 0.202922
9.42 -0.0239286 0.205369
9.43 -0.0218635 0.207616
9.44 -0.0197769 0.209658
9.45 -0.017671 0.211495
9.46 -0.0155477 0.213124
9.47 -0.0134092 0.214545
9.48 -0.0112575 0.215755
9.49 -0.00909482 0.216753
9.5 -0.00692318 0.217539
9.51 -0.00474475 0.218111
9.52 -0.00256167 0.21847
9.53 -0.000376077 0.218614
9.54 0.00180989 0.218543
9.55 0.00399408 0.218259
9.56 0.00617435 0.21776
9.57 0.00834856 0.217047
9.58 0.0105146 0.216122
9.59 0.0126703 0.214985
9.6 0.0148136 0.213637
9.61 0.0169423 0.212079
9.62 0.0190545 0.210313
9.63 0.0211479 0.208341
9.64 0.0232206 0.206165
9.65 0.0252705 0.203787
9.66 0.0272957 0.201208
9.67 0.029294 0.198433
9.68 0.0312637 0.195463
9.69 0.0332027 0.192301
9.7 0.0351091 0.188951
9.71 0.0369811 0.185415
9.72 0.0388168 0.181698
9.73 0.0406144 0.177802
9.74 0.0423722 0.173733
9.75 0.0440885 0.169493
9.76 0.0457615 0.165087
9.77 0.0473897 0.160519
9.78 0.0489714 0.155794
9.79 0.0505051 0.150916
9.8 0.0519892 0.145891
9.81 0.0534224 0.140722
9.82 0.0548032 0.135416
9.83 0.0561303 0.129977
9.84 0.0574023 0.124411
9.85 0.0586181 0.118723
9.86 0.0597764 0.112918
9.87 0.0608761 0.107003
9.88 0.0619161 0.100984
9.89 0.0628954 0.0948651
9.9 0.0638131 0.0886537
9.91 0.0646682 0.0823555
9.92 0.0654599 0.0759767
9.93 0.0661875 0.0695236
9.94 0.0668502 0.0630024
9.95 0.0674473 0.0564195
9.96 0.0679784 0.0497814
9.97 0.0684428 0.0430946
9.98 0.0688401 0.0363656
9.99 0.06917 0.029601
10 0.0694321 0.0228074
