0 3.05433 0
0.01 3.05428 -0.00855137
0.02 3.05416 -0.0171111
0.03 3.05394 -0.0256876
0.04 3.05364 -0.0342891
0.05 3.05326 -0.0429242
0.06 3.05278 -0.0516012
0.07 3.05222 -0.0603286
0.08 3.05158 -0.069115
0.09 3.05084 -0.0779689
0.1 3.05002 -0.086899
0.11 3.0491 -0.095914
0.12 3.0481 -0.105023
0.13 3.047 -0.114234
0.14 3.04581 -0.123557
0.15 3.04453 -0.133
0.16 3.04315 -0.142574
0.17 3.04168 -0.152286
0.18 3.04011 -0.162148
0.19 3.03843 -0.172167
0.2 3.03666 -0.182355
0.21 3.03479 -0.19272
0.22 3.03281 -0.203274
0.23 3.03072 -0.214025
0.24 3.02853 -0.224986
0.25 3.02622 -0.236165
0.26 3.0238 -0.247575
0.27 3.02127 -0.259226
0.28 3.01862 -0.27113
0.29 3.01584 -0.283297
0.3 3.01295 -0.29574
0.31 3.00993 -0.308471
0.32 3.00678 -0.321502
0.33 3.0035 -0.334846
0.34 3.00008 -0.348515
0.35 2.99653 -0.362522
0.36 2.99283 -0.376882
0.37 2.98899 -0.391607
0.38 2.985 -0.406712
0.39 2.98085 -0.422211
0.4 2.97655 -0.438118
0.41 2.97209 -0.45445
0.42 2.96746 -0.471221
0.43 2.96266 -0.488448
0.44 2.95769 -0.506146
0.45 2.95254 -0.524332
0.46 2.9472 -0.543024
0.47 2.94168 -0.562238
0.48 2.93595 -0.581993
0.49 2.93003 -0.602307
0.5 2.92391 -0.623198
0.51 2.91757 -0.644687
0.52 2.91101 -0.666792
0.53 2.90423 -0.689534
0.54 2.89722 -0.712933
0.55 2.88997 -0.737011
0.56 2.88248 -0.76179
0.57 2.87473 -0.787291
0.58 2.86673 -0.813537
0.59 2.85846 -0.840551
0.6 2.84991 -0.868356
0.61 2.84109 -0.896978
0.62 2.83197 -0.92644
0.63 2.82256 -0.956768
0.64 2.81283 -0.987988
0.65 2.80279 -1.02012
0.66 2.79243 -1.0532
0.67 2.78173 -1.08726
0.68 2.77068 -1.12231
0.69 2.75928 -1.15838
0.7 2.74751 -1.19551
0.71 2.73536 -1.23372
0.72 2.72283 -1.27305
0.73 2.7099 -1.31352
0.74 2.69656 -1.35515
0.75 2.68279 -1.39799
0.76 2.66859 -1.44205
0.77 2.65395 -1.48738
0.78 2.63884 -1.53399
0.79 2.62326 -1.58193
0.8 2.6072 -1.63121
0.81 2.59063 -1.68186
0.82 2.57355 -1.73393
0.83 2.55595 -1.78742
0.84 2.5378 -1.84238
0.85 2.5191 -1.89883
0.86 2.49982 -1.95679
0.87 2.47996 -2.01629
0.88 2.45949 -2.07734
0.89 2.4384 -2.13998
0.9 2.41668 -2.20422
0.91 2.39431 -2.27008
0.92 2.37128 -2.33757
0.93 2.34756 -2.40671
0.94 2.32314 -2.4775
0.95 2.298 -2.54996
0.96 2.27213 -2.62407
0.97 2.24551 -2.69985
0.98 2.21813 -2.77728
0.99 2.18996 -2.85635
1 2.161 -2.93705
1.01 2.13122 -3.01935
1.02 2.1006 -3.10323
1.03 2.06915 -3.18864
1.04 2.03683 -3.27555
1.05 2.00363 -3.3639
1.06 1.96954 -3.45363
1.07 1.93455 -3.54468
1.08 1.89865 -3.63697
1.09 1.86181 -3.7304
1.1 1.82403 -3.82488
1.11 1.78531 -3.9203
1.12 1.74563 -4.01654
1.13 1.70498 -4.11347
1.14 1.66335 -4.21093
1.15 1.62076 -4.30877
1.16 1.57718 -4.40683
1.17 1.53262 -4.50491
1.18 1.48708 -4.60282
1.19 1.44057 -4.70035
1.2 1.39308 -4.79728
1.21 1.34462 -4.89338
1.22 1.29521 -4.9884
1.23 1.24486 -5.08209
1.24 1.19358 -5.17418
1.25 1.14138 -5.2644
1.26 1.0883 -5.35247
1.27 1.03434 -5.43811
1.28 0.979542 -5.52101
1.29 0.92393 -5.6009
1.3 0.867535 -5.67748
1.31 0.810392 -5.75045
1.32 0.752539 -5.81954
1.33 0.694015 -5.88446
1.34 0.634865 -5.94495
1.35 0.575132 -6.00074
1.36 0.514866 -6.05159
1.37 0.454117 -6.09728
1.38 0.392938 -6.13759
1.39 0.331384 -6.17235
1.4 0.269511 -6.20138
1.41 0.207376 -6.22455
1.42 0.14504 -6.24174
1.43 0.0825614 -6.25288
1.44 0.0200024 -6.25791
1.45 -0.0425763 -6.2568
1.46 -0.105113 -6.24956
1.47 -0.167547 -6.23623
1.48 -0.229818 -6.21687
1.49 -0.291865 -6.19157
1.5 -0.35363 -6.16046
1.51 -0.415055 -6.12368
1.52 -0.476085 -6.08141
1.53 -0.536666 -6.03383
1.54 -0.596745 -5.98117
1.55 -0.656273 -5.92366
1.56 -0.715203 -5.86154
1.57 -0.773489 -5.79508
1.58 -0.831091 -5.72456
1.59 -0.887968 -5.65025
1.6 -0.944084 -5.57245
1.61 -0.999406 -5.49144
1.62 -1.0539 -5.40751
1.63 -1.10755 -5.32097
1.64 -1.16031 -5.23209
1.65 -1.21218 -5.14116
1.66 -1.26313 -5.04846
1.67 -1.31315 -4.95426
1.68 -1.36221 -4.85882
1.69 -1.41032 -4.76239
1.7 -1.45746 -4.66522
1.71 -1.50362 -4.56753
1.72 -1.54881 -4.46953
1.73 -1.59301 -4.37144
1.74 -1.63624 -4.27344
1.75 -1.67848 -4.17572
1.76 -1.71975 -4.07843
1.77 -1.76005 -3.98174
1.78 -1.79939 -3.88578
1.79 -1.83777 -3.79068
1.8 -1.87521 -3.69657
1.81 -1.91171 -3.60354
1.82 -1.94728 -3.51169
1.83 -1.98194 -3.42111
1.84 -2.01571 -3.33186
1.85 -2.04859 -3.24403
1.86 -2.08059 -3.15765
1.87 -2.11174 -3.07279
1.88 -2.14205 -2.98948
1.89 -2.17154 -2.90775
1.9 -2.20022 -2.82764
1.91 -2.2281 -2.74916
1.92 -2.2552 -2.67232
1.93 -2.28155 -2.59714
1.94 -2.30715 -2.52363
1.95 -2.33203 -2.45177
1.96 -2.35619 -2.38158
1.97 -2.37966 -2.31304
1.98 -2.40246 -2.24614
1.99 -2.42459 -2.18086
2 -2.44608 -2.1172
2.01 -2.46694 -2.05514
2.02 -2.48719 -1.99464
2.03 -2.50684 -1.9357
2.04 -2.52591 -1.87829
2.05 -2.54441 -1.82239
2.06 -2.56236 -1.76796
2.07 -2.57978 -1.71498
2.08 -2.59667 -1.66343
2.09 -2.61305 -1.61327
2.1 -2.62894 -1.56448
2.11 -2.64434 -1.51703
2.12 -2.65928 -1.47088
2.13 -2.67376 -1.42601
2.14 -2.68781 -1.38239
2.15 -2.70142 -1.33999
2.16 -2.71461 -1.29878
2.17 -2.7274 -1.25873
2.18 -2.73979 -1.21981
2.19 -2.7518 -1.18199
2.2 -2.76343 -1.14525
2.21 -2.7747 -1.10954
2.22 -2.78563 -1.07486
2.23 -2.7962 -1.04116
2.24 -2.80645 -1.00842
2.25 -2.81638 -0.976621
2.26 -2.82599 -0.945726
2.27 -2.83529 -0.915713
2.28 -2.8443 -0.886557
2.29 -2.85303 -0.858233
2.3 -2.86147 -0.830715
2.31 -2.86964 -0.803981
2.32 -2.87755 -0.778006
2.33 -2.88521 -0.752769
2.34 -2.89261 -0.728246
2.35 -2.89977 -0.704415
2.36 -2.9067 -0.681255
2.37 -2.9134 -0.658745
2.38 -2.91988 -0.636864
2.39 -2.92614 -0.615594
2.4 -2.93219 -0.594913
2.41 -2.93804 -0.574803
2.42 -2.94369 -0.555245
2.43 -2.94915 -0.536221
2.44 -2.95442 -0.517714
2.45 -2.9595 -0.499706
2.46 -2.96441 -0.48218
2.47 -2.96915 -0.465119
2.48 -2.97372 -0.448508
2.49 -2.97812 -0.432331
2.5 -2.98236 -0.416573
2.51 -2.98645 -0.401218
2.52 -2.99039 -0.386252
2.53 -2.99418 -0.37166
2.54 -2.99782 -0.357429
2.55 -3.00133 -0.343545
2.56 -3.0047 -0.329995
2.57 -3.00793 -0.316766
2.58 -3.01103 -0.303845
2.59 -3.01401 -0.291219
2.6 -3.01686 -0.278876
2.61 -3.01959 -0.266806
2.62 -3.0222 -0.254994
2.63 -3.02469 -0.243432
2.64 -3.02706 -0.232106
2.65 -3.02933 -0.221007
2.66 -3.03149 -0.210123
2.67 -3.03353 -0.199444
2.68 -3.03548 -0.18896
2.69 -3.03731 -0.178659
2.7 -3.03905 -0.168534
2.71 -3.04068 -0.158572
2.72 -3.04222 -0.148766
2.73 -3.04366 -0.139105
2.74 -3.045 -0.129579
2.75 -3.04625 -0.12018
2.76 -3.04741 -0.110899
2.77 -3.04847 -0.101725
2.78 -3.04944 -0.0926515
2.79 -3.05032 -0.0836681
2.8 -3.05112 -0.0747665
2.81 -3.05182 -0.0659379
2.82 -3.05244 -0.0571738
2.83 -3.05296 -0.0484655
2.84 -3.0534 -0.0398046
2.85 -3.05376 -0.0311826
2.86 -3.05403 -0.022591
2.87 -3.05421 -0.0140216
2.88 -3.05431 -0.00546584
2.89 -3.05432 0.00308457
2.9 -3.05425 0.011638
2.91 -3.05409 0.0202028
2.92 -3.05384 0.0287873
2.93 -3.05351 0.0374
2.94 -3.05309 0.0460492
2.95 -3.05259 0.0547435
2.96 -3.052 0.0634912
2.97 -3.05132 0.072301
2.98 -3.05055 0.0811814
2.99 -3.0497 0.0901411
3 -3.04875 0.0991889
3.01 -3.04771 0.108334
3.02 -3.04658 0.117584
3.03 -3.04536 0.126949
3.04 -3.04404 0.136439
3.05 -3.04263 0.146061
3.06 -3.04112 0.155826
3.07 -3.03951 0.165744
3.08 -3.03781 0.175823
3.09 -3.036 0.186073
3.1 -3.03408 0.196505
3.11 -3.03207 0.207129
3.12 -3.02994 0.217955
3.13 -3.02771 0.228993
3.14 -3.02536 0.240254
3.15 -3.0229 0.25175
3.16 -3.02033 0.263491
3.17 -3.01763 0.275488
3.18 -3.01481 0.287754
3.19 -3.01187 0.3003
3.2 -3.00881 0.313137
3.21 -3.00561 0.32628
3.22 -3.00228 0.339739
3.23 -2.99881 0.353529
3.24 -2.99521 0.367662
3.25 -2.99146 0.382151
3.26 -2.98756 0.397012
3.27 -2.98352 0.412257
3.28 -2.97932 0.427902
3.29 -2.97496 0.443961
3.3 -2.97044 0.460449
3.31 -2.96575 0.477383
3.32 -2.96089 0.494778
3.33 -2.95585 0.51265
3.34 -2.95063 0.531016
3.35 -2.94523 0.549894
3.36 -2.93963 0.569302
3.37 -2.93384 0.589256
3.38 -2.92785 0.609776
3.39 -2.92164 0.630881
3.4 -2.91523 0.652589
3.41 -2.90859 0.674922
3.42 -2.90173 0.697899
3.43 -2.89463 0.721541
3.44 -2.88729 0.745869
3.45 -2.87971 0.770905
3.46 -2.87187 0.796672
3.47 -2.86377 0.823193
3.48 -2.85541 0.85049
3.49 -2.84676 0.878587
3.5 -2.83783 0.907509
3.51 -2.82861 0.937281
3.52 -2.81908 0.967927
3.53 -2.80925 0.999474
3.54 -2.79909 1.03195
3.55 -2.78861 1.06538
3.56 -2.77778 1.09978
3.57 -2.76661 1.1352
3.58 -2.75507 1.17165
3.59 -2.74317 1.20917
3.6 -2.73089 1.24778
3.61 -2.71821 1.28752
3.62 -2.70513 1.3284
3.63 -2.69164 1.37047
3.64 -2.67772 1.41374
3.65 -2.66336 1.45826
3.66 -2.64855 1.50405
3.67 -2.63327 1.55113
3.68 -2.61752 1.59955
3.69 -2.60128 1.64932
3.7 -2.58453 1.70048
3.71 -2.56726 1.75306
3.72 -2.54946 1.80708
3.73 -2.53112 1.86257
3.74 -2.51221 1.91956
3.75 -2.49272 1.97808
3.76 -2.47264 2.03813
3.77 -2.45195 2.09976
3.78 -2.43064 2.16297
3.79 -2.40869 2.2278
3.8 -2.38608 2.29424
3.81 -2.3628 2.36233
3.82 -2.33883 2.43206
3.83 -2.31415 2.50345
3.84 -2.28875 2.5765
3.85 -2.26262 2.65122
3.86 -2.23572 2.72759
3.87 -2.20806 2.80562
3.88 -2.17961 2.88528
3.89 -2.15035 2.96656
3.9 -2.12027 3.04943
3.91 -2.08935 3.13387
3.92 -2.05759 3.21982
3.93 -2.02495 3.30726
3.94 -1.99144 3.39612
3.95 -1.95703 3.48633
3.96 -1.92171 3.57784
3.97 -1.88546 3.67055
3.98 -1.84829 3.76437
3.99 -1.81017 3.85921
4 -1.7711 3.95494
4.01 -1.73107 4.05144
4.02 -1.69007 4.14857
4.03 -1.6481 4.24619
4.04 -1.60515 4.34413
4.05 -1.56122 4.44222
4.06 -1.5163 4.54026
4.07 -1.47041 4.63806
4.08 -1.42354 4.7354
4.09 -1.37571 4.83206
4.1 -1.32691 4.9278
4.11 -1.27715 5.02237
4.12 -1.22646 5.11551
4.13 -1.17485 5.20696
4.14 -1.12233 5.29644
4.15 -1.06893 5.38366
4.16 -1.01467 5.46835
4.17 -0.959571 5.5502
4.18 -0.903673 5.62893
4.19 -0.847004 5.70424
4.2 -0.789601 5.77584
4.21 -0.731501 5.84346
4.22 -0.672746 5.90681
4.23 -0.613379 5.96563
4.24 -0.553449 6.01967
4.25 -0.493003 6.06868
4.26 -0.432093 6.11245
4.27 -0.370772 6.15078
4.28 -0.309096 6.18349
4.29 -0.247121 6.21042
4.3 -0.184907 6.23144
4.31 -0.122513 6.24646
4.32 -0.0599982 6.2554
4.33 0.00257502 6.25822
4.34 0.0651457 6.2549
4.35 0.127653 6.24545
4.36 0.190035 6.22994
4.37 0.252231 6.20842
4.38 0.314183 6.18101
4.39 0.375832 6.14784
4.4 0.437121 6.10905
4.41 0.497995 6.06484
4.42 0.558401 6.01541
4.43 0.618287 5.96097
4.44 0.677604 5.90176
4.45 0.736307 5.83805
4.46 0.794351 5.7701
4.47 0.851696 5.69817
4.48 0.908302 5.62257
4.49 0.964136 5.54358
4.5 1.01916 5.46148
4.51 1.07336 5.37658
4.52 1.12669 5.28915
4.53 1.17913 5.1995
4.54 1.23067 5.1079
4.55 1.28128 5.01463
4.56 1.33096 4.91996
4.57 1.37968 4.82413
4.58 1.42744 4.72741
4.59 1.47423 4.63002
4.6 1.52004 4.5322
4.61 1.56487 4.43414
4.62 1.60872 4.33607
4.63 1.65159 4.23815
4.64 1.69348 4.14056
4.65 1.7344 4.04347
4.66 1.77436 3.94703
4.67 1.81335 3.85137
4.68 1.85139 3.75661
4.69 1.88848 3.66288
4.7 1.92465 3.57026
4.71 1.95989 3.47886
4.72 1.99423 3.38875
4.73 2.02767 3.30001
4.74 2.06023 3.21269
4.75 2.09193 3.12686
4.76 2.12278 3.04255
4.77 2.15279 2.95981
4.78 2.18198 2.87866
4.79 2.21036 2.79913
4.8 2.23797 2.72125
4.81 2.2648 2.64501
4.82 2.29087 2.57043
4.83 2.31621 2.49751
4.84 2.34083 2.42626
4.85 2.36474 2.35666
4.86 2.38797 2.28871
4.87 2.41052 2.2224
4.88 2.43242 2.15771
4.89 2.45368 2.09463
4.9 2.47432 2.03313
4.91 2.49435 1.9732
4.92 2.51379 1.91482
4.93 2.53265 1.85795
4.94 2.55095 1.80258
4.95 2.56871 1.74868
4.96 2.58593 1.69622
4.97 2.60263 1.64517
4.98 2.61884 1.59551
4.99 2.63455 1.54721
5 2.64979 1.50023
5.01 2.66456 1.45455
5.02 2.67888 1.41013
5.03 2.69276 1.36696
5.04 2.70622 1.32499
5.05 2.71927 1.2842
5.06 2.73191 1.24456
5.07 2.74416 1.20604
5.08 2.75604 1.16861
5.09 2.76754 1.13225
5.1 2.77868 1.09692
5.11 2.78948 1.06259
5.12 2.79994 1.02924
5.13 2.81007 0.996844
5.14 2.81988 0.965372
5.15 2.82938 0.934798
5.16 2.83858 0.905097
5.17 2.84748 0.876244
5.18 2.85611 0.848213
5.19 2.86445 0.820981
5.2 2.87253 0.794524
5.21 2.88034 0.768818
5.22 2.88791 0.74384
5.23 2.89522 0.719569
5.24 2.9023 0.695983
5.25 2.90915 0.67306
5.26 2.91576 0.65078
5.27 2.92216 0.629121
5.28 2.92835 0.608066
5.29 2.93433 0.587593
5.3 2.9401 0.567684
5.31 2.94568 0.548321
5.32 2.95107 0.529486
5.33 2.95627 0.511161
5.34 2.9613 0.493328
5.35 2.96614 0.475972
5.36 2.97082 0.459076
5.37 2.97532 0.442623
5.38 2.97967 0.426599
5.39 2.98386 0.410987
5.4 2.98789 0.395774
5.41 2.99177 0.380945
5.42 2.99551 0.366485
5.43 2.99911 0.352381
5.44 3.00256 0.338619
5.45 3.00588 0.325186
5.46 3.00906 0.31207
5.47 3.01212 0.299256
5.48 3.01505 0.286734
5.49 3.01786 0.274491
5.5 3.02054 0.262515
5.51 3.02311 0.250795
5.52 3.02556 0.239319
5.53 3.02789 0.228076
5.54 3.03012 0.217056
5.55 3.03224 0.206247
5.56 3.03425 0.19564
5.57 3.03615 0.185223
5.58 3.03795 0.174987
5.59 3.03965 0.164921
5.6 3.04125 0.155017
5.61 3.04275 0.145264
5.62 3.04416 0.135653
5.63 3.04546 0.126174
5.64 3.04668 0.116819
5.65 3.0478 0.107577
5.66 3.04883 0.0984407
5.67 3.04977 0.0894005
5.68 3.05062 0.0804476
5.69 3.05138 0.0715734
5.7 3.05205 0.062769
5.71 3.05264 0.054026
5.72 3.05313 0.0453358
5.73 3.05354 0.0366899
5.74 3.05387 0.0280799
5.75 3.0541 0.0194973
5.76 3.05426 0.0109337
5.77 3.05432 0.00238087
5.78 3.0543 -0.00616967
5.79 3.0542 -0.0147262
5.8 3.05401 -0.0232972
5.81 3.05373 -0.0318909
5.82 3.05337 -0.0405158
5.83 3.05292 -0.0491803
5.84 3.05239 -0.0578928
5.85 3.05176 -0.066662
5.86 3.05105 -0.0754962
5.87 3.05025 -0.0844042
5.88 3.04937 -0.0933947
5.89 3.04839 -0.102476
5.9 3.04732 -0.111658
5.91 3.04615 -0.120949
5.92 3.0449 -0.130358
5.93 3.04355 -0.139894
5.94 3.0421 -0.149567
5.95 3.04055 -0.159386
5.96 3.03891 -0.169361
5.97 3.03717 -0.1795
5.98 3.03532 -0.189815
5.99 3.03337 -0.200315
6 3.03131 -0.211011
6.01 3.02915 -0.221912
6.02 3.02687 -0.23303
6.03 3.02449 -0.244374
6.04 3.02199 -0.255957
6.05 3.01937 -0.267789
6.06 3.01663 -0.279882
6.07 3.01377 -0.292247
6.08 3.01078 -0.304897
6.09 3.00767 -0.317843
6.1 3.00442 -0.331098
6.11 3.00105 -0.344675
6.12 2.99753 -0.358587
6.13 2.99387 -0.372847
6.14 2.99007 -0.387469
6.15 2.98612 -0.402467
6.16 2.98202 -0.417854
6.17 2.97776 -0.433647
6.18 2.97335 -0.449859
6.19 2.96877 -0.466506
6.2 2.96402 -0.483605
6.21 2.95909 -0.50117
6.22 2.95399 -0.519218
6.23 2.94871 -0.537767
6.24 2.94323 -0.556834
6.25 2.93757 -0.576437
6.26 2.9317 -0.596593
6.27 2.92563 -0.617322
6.28 2.91935 -0.638642
6.29 2.91286 -0.660574
6.3 2.90614 -0.683136
6.31 2.89919 -0.70635
6.32 2.89201 -0.730238
6.33 2.88459 -0.754819
6.34 2.87691 -0.780116
6.35 2.86898 -0.806152
6.36 2.86079 -0.83295
6.37 2.85232 -0.860533
6.38 2.84357 -0.888925
6.39 2.83454 -0.918151
6.4 2.82521 -0.948235
6.41 2.81557 -0.979204
6.42 2.80562 -1.01108
6.43 2.79535 -1.0439
6.44 2.78474 -1.07768
6.45 2.77379 -1.11244
6.46 2.76249 -1.14823
6.47 2.75082 -1.18507
6.48 2.73878 -1.22297
6.49 2.72636 -1.26199
6.5 2.71354 -1.30213
6.51 2.70031 -1.34344
6.52 2.68667 -1.38594
6.53 2.67259 -1.42966
6.54 2.65807 -1.47463
6.55 2.64309 -1.52088
6.56 2.62765 -1.56844
6.57 2.61172 -1.61735
6.58 2.5953 -1.66762
6.59 2.57836 -1.71929
6.6 2.5609 -1.77238
6.61 2.54291 -1.82693
6.62 2.52436 -1.88296
6.63 2.50525 -1.9405
6.64 2.48555 -1.99956
6.65 2.46525 -2.06018
6.66 2.44434 -2.12238
6.67 2.4228 -2.18617
6.68 2.40061 -2.25158
6.69 2.37776 -2.31862
6.7 2.35423 -2.3873
6.71 2.33001 -2.45763
6.72 2.30507 -2.52962
6.73 2.27941 -2.60327
6.74 2.253 -2.67858
6.75 2.22583 -2.75555
6.76 2.19789 -2.83417
6.77 2.16914 -2.91442
6.78 2.13959 -2.99628
6.79 2.10921 -3.07972
6.8 2.07799 -3.16471
6.81 2.04591 -3.2512
6.82 2.01296 -3.33916
6.83 1.97913 -3.42851
6.84 1.94439 -3.5192
6.85 1.90874 -3.61115
6.86 1.87216 -3.70428
6.87 1.83465 -3.79848
6.88 1.79619 -3.89365
6.89 1.75677 -3.98967
6.9 1.71639 -4.08642
6.91 1.67504 -4.18375
6.92 1.63272 -4.2815
6.93 1.58941 -4.37951
6.94 1.54513 -4.4776
6.95 1.49986 -4.57558
6.96 1.45362 -4.67324
6.97 1.4064 -4.77036
6.98 1.35821 -4.86672
6.99 1.30907 -4.96206
7 1.25897 -5.05615
7.01 1.20795 -5.14871
7.02 1.15601 -5.23948
7.03 1.10317 -5.32818
7.04 1.04945 -5.41452
7.05 0.994883 -5.49822
7.06 0.939495 -5.57898
7.07 0.883315 -5.65651
7.08 0.826377 -5.73051
7.09 0.768717 -5.80071
7.1 0.710376 -5.86682
7.11 0.651395 -5.92857
7.12 0.59182 -5.98569
7.13 0.531698 -6.03794
7.14 0.471078 -6.08509
7.15 0.410014 -6.12692
7.16 0.348558 -6.16324
7.17 0.286768 -6.19388
7.18 0.2247 -6.21869
7.19 0.162414 -6.23756
7.2 0.0999689 -6.25039
7.21 0.0374263 -6.25712
7.22 -0.0251531 -6.25773
7.23 -0.0877078 -6.25219
7.24 -0.150177 -6.24055
7.25 -0.212499 -6.22286
7.26 -0.274614 -6.19921
7.27 -0.336463 -6.1697
7.28 -0.397989 -6.13448
7.29 -0.459135 -6.09372
7.3 -0.519846 -6.0476
7.31 -0.580069 -5.99633
7.32 -0.639756 -5.94014
7.33 -0.698857 -5.87928
7.34 -0.757327 -5.81401
7.35 -0.815123 -5.74459
7.36 -0.872206 -5.67131
7.37 -0.928537 -5.59445
7.38 -0.984084 -5.5143
7.39 -1.03881 -5.43116
7.4 -1.0927 -5.34531
7.41 -1.14571 -5.25705
7.42 -1.19783 -5.16667
7.43 -1.24904 -5.07443
7.44 -1.29932 -4.98062
7.45 -1.34865 -4.8855
7.46 -1.39702 -4.78933
7.47 -1.44443 -4.69234
7.48 -1.49087 -4.59477
7.49 -1.53632 -4.49684
7.5 -1.5808 -4.39875
7.51 -1.6243 -4.30071
7.52 -1.66682 -4.20289
7.53 -1.70836 -4.10547
7.54 -1.74893 -4.0086
7.55 -1.78853 -3.91242
7.56 -1.82718 -3.81707
7.57 -1.86488 -3.72267
7.58 -1.90164 -3.62933
7.59 -1.93747 -3.53714
7.6 -1.97238 -3.4462
7.61 -2.0064 -3.35657
7.62 -2.03952 -3.26834
7.63 -2.07177 -3.18155
7.64 -2.10316 -3.09627
7.65 -2.1337 -3.01252
7.66 -2.16341 -2.93035
7.67 -2.19231 -2.84978
7.68 -2.22041 -2.77084
7.69 -2.24773 -2.69355
7.7 -2.27429 -2.61791
7.71 -2.3001 -2.54393
7.72 -2.32517 -2.47161
7.73 -2.34953 -2.40096
7.74 -2.3732 -2.33196
7.75 -2.39618 -2.2646
7.76 -2.4185 -2.19887
7.77 -2.44016 -2.13477
7.78 -2.4612 -2.07226
7.79 -2.48161 -2.01133
7.8 -2.50143 -1.95196
7.81 -2.52066 -1.89413
7.82 -2.53932 -1.8378
7.83 -2.55742 -1.78297
7.84 -2.57498 -1.72959
7.85 -2.59201 -1.67764
7.86 -2.60854 -1.6271
7.87 -2.62456 -1.57793
7.88 -2.6401 -1.53011
7.89 -2.65517 -1.4836
7.9 -2.66978 -1.43838
7.91 -2.68394 -1.39442
7.92 -2.69767 -1.35168
7.93 -2.71098 -1.31014
7.94 -2.72388 -1.26977
7.95 -2.73638 -1.23054
7.96 -2.74849 -1.19242
7.97 -2.76023 -1.15537
7.98 -2.7716 -1.11938
7.99 -2.78262 -1.08442
8 -2.79329 -1.05045
8.01 -2.80363 -1.01744
8.02 -2.81364 -0.985384
8.03 -2.82334 -0.954239
8.04 -2.83273 -0.923983
8.05 -2.84182 -0.894591
8.06 -2.85063 -0.866037
8.07 -2.85915 -0.838298
8.08 -2.8674 -0.811348
8.09 -2.87538 -0.785164
8.1 -2.8831 -0.759723
8.11 -2.89057 -0.735003
8.12 -2.8978 -0.710982
8.13 -2.9048 -0.687637
8.14 -2.91156 -0.664949
8.15 -2.9181 -0.642895
8.16 -2.92442 -0.621456
8.17 -2.93053 -0.600613
8.18 -2.93643 -0.580346
8.19 -2.94214 -0.560636
8.2 -2.94765 -0.541466
8.21 -2.95297 -0.522816
8.22 -2.95811 -0.504671
8.23 -2.96306 -0.487012
8.24 -2.96785 -0.469824
8.25 -2.97246 -0.453089
8.26 -2.97691 -0.436793
8.27 -2.9812 -0.42092
8.28 -2.98533 -0.405454
8.29 -2.98931 -0.390381
8.3 -2.99314 -0.375686
8.31 -2.99682 -0.361356
8.32 -3.00037 -0.347377
8.33 -3.00377 -0.333736
8.34 -3.00704 -0.320418
8.35 -3.01018 -0.307412
8.36 -3.01319 -0.294705
8.37 -3.01608 -0.282285
8.38 -3.01884 -0.27014
8.39 -3.02148 -0.258258
8.4 -3.02401 -0.246627
8.41 -3.02641 -0.235236
8.42 -3.02871 -0.224075
8.43 -3.0309 -0.213132
8.44 -3.03297 -0.202397
8.45 -3.03495 -0.19186
8.46 -3.03681 -0.181509
8.47 -3.03858 -0.171336
8.48 -3.04024 -0.16133
8.49 -3.0418 -0.151481
8.5 -3.04327 -0.141781
8.51 -3.04464 -0.132218
8.52 -3.04591 -0.122785
8.53 -3.0471 -0.113472
8.54 -3.04818 -0.104269
8.55 -3.04918 -0.0951685
8.56 -3.05009 -0.0861608
8.57 -3.0509 -0.0772373
8.58 -3.05163 -0.0683892
8.59 -3.05227 -0.059608
8.6 -3.05282 -0.050885
8.61 -3.05329 -0.0422118
8.62 -3.05367 -0.0335798
8.63 -3.05396 -0.0249806
8.64 -3.05417 -0.0164059
8.65 -3.05429 -0.00784712
8.66 -3.05433 0.000703938
8.67 -3.05428 0.00925569
8.68 -3.05414 0.0178165
8.69 -3.05392 0.0263947
8.7 -3.05361 0.0349987
8.71 -3.05322 0.0436369
8.72 -3.05274 0.0523178
8.73 -3.05217 0.0610497
8.74 -3.05152 0.0698414
8.75 -3.05078 0.0787012
8.76 -3.04994 0.087638
8.77 -3.04902 0.0966604
8.78 -3.04801 0.105777
8.79 -3.04691 0.114997
8.8 -3.04571 0.12433
8.81 -3.04442 0.133784
8.82 -3.04303 0.143368
8.83 -3.04155 0.153093
8.84 -3.03997 0.162967
8.85 -3.03829 0.173
8.86 -3.03651 0.183201
8.87 -3.03463 0.193582
8.88 -3.03264 0.204151
8.89 -3.03054 0.21492
8.9 -3.02834 0.225898
8.91 -3.02603 0.237096
8.92 -3.0236 0.248525
8.93 -3.02105 0.260197
8.94 -3.01839 0.272121
8.95 -3.01561 0.284311
8.96 -3.01271 0.296778
8.97 -3.00967 0.309533
8.98 -3.00651 0.322589
8.99 -3.00322 0.335959
9 -2.99979 0.349656
9.01 -2.99623 0.363691
9.02 -2.99252 0.37808
9.03 -2.98866 0.392836
9.04 -2.98466 0.407973
9.05 -2.9805 0.423505
9.06 -2.97619 0.439447
9.07 -2.97171 0.455814
9.08 -2.96707 0.472623
9.09 -2.96226 0.489887
9.1 -2.95727 0.507625
9.11 -2.95211 0.525852
9.12 -2.94675 0.544586
9.13 -2.94121 0.563844
9.14 -2.93547 0.583644
9.15 -2.92954 0.604005
9.16 -2.92339 0.624945
9.17 -2.91704 0.646483
9.18 -2.91046 0.66864
9.19 -2.90366 0.691436
9.2 -2.89663 0.71489
9.21 -2.88936 0.739025
9.22 -2.88185 0.763862
9.23 -2.87408 0.789424
9.24 -2.86606 0.815732
9.25 -2.85776 0.84281
9.26 -2.8492 0.870682
9.27 -2.84035 0.899372
9.28 -2.83121 0.928905
9.29 -2.82177 0.959305
9.3 -2.81202 0.990599
9.31 -2.80195 1.02281
9.32 -2.79156 1.05597
9.33 -2.78083 1.0901
9.34 -2.76975 1.12524
9.35 -2.75832 1.1614
9.36 -2.74652 1.19862
9.37 -2.73434 1.23692
9.38 -2.72178 1.27634
9.39 -2.70881 1.3169
9.4 -2.69544 1.35863
9.41 -2.68164 1.40157
9.42 -2.6674 1.44574
9.43 -2.65272 1.49117
9.44 -2.63757 1.53789
9.45 -2.62196 1.58593
9.46 -2.60585 1.63533
9.47 -2.58925 1.6861
9.48 -2.57212 1.73828
9.49 -2.55447 1.7919
9.5 -2.53628 1.84698
9.51 -2.51753 1.90355
9.52 -2.49821 1.96163
9.53 -2.47829 2.02126
9.54 -2.45778 2.08244
9.55 -2.43664 2.14521
9.56 -2.41487 2.20959
9.57 -2.39244 2.27558
9.58 -2.36935 2.34321
9.59 -2.34557 2.41248
9.6 -2.32109 2.48341
9.61 -2.2959 2.556
9.62 -2.26997 2.63025
9.63 -2.24329 2.70616
9.64 -2.21584 2.78373
9.65 -2.18761 2.86294
9.66 -2.15858 2.94377
9.67 -2.12873 3.0262
9.68 -2.09805 3.1102
9.69 -2.06652 3.19574
9.7 -2.03413 3.28277
9.71 -2.00086 3.37124
9.72 -1.9667 3.46108
9.73 -1.93163 3.55224
9.74 -1.89565 3.64462
9.75 -1.85874 3.73814
9.76 -1.82088 3.83271
9.77 -1.78208 3.9282
9.78 -1.74232 4.0245
9.79 -1.70159 4.12148
9.8 -1.65988 4.21898
9.81 -1.6172 4.31684
9.82 -1.57355 4.41491
9.83 -1.52891 4.51298
9.84 -1.48329 4.61087
9.85 -1.43669 4.70836
9.86 -1.38912 4.80523
9.87 -1.34059 4.90125
9.88 -1.2911 4.99617
9.89 -1.24067 5.08974
9.9 -1.18931 5.18168
9.91 -1.13704 5.27174
9.92 -1.08388 5.35962
9.93 -1.02986 5.44504
9.94 -0.974992 5.52771
9.95 -0.919315 5.60734
9.96 -0.862857 5.68363
9.97 -0.805654 5.75629
9.98 -0.747744 5.82505
9.99 -0.689167 5.88962
10 -0.629967 5.94972
