0 2.35619 0
0.01 2.35585 -0.0693752
0.02 2.35481 -0.138798
0.03 2.35307 -0.208318
0.04 2.35064 -0.277981
0.05 2.34751 -0.347837
0.06 2.34368 -0.417931
0.07 2.33915 -0.488312
0.08 2.33392 -0.559025
0.09 2.32797 -0.630117
0.1 2.32131 -0.701634
0.11 2.31394 -0.773621
0.12 2.30584 -0.84612
0.13 2.29701 -0.919177
0.14 2.28745 -0.992832
0.15 2.27715 -1.06713
0.16 2.26611 -1.1421
0.17 2.25431 -1.21779
0.18 2.24175 -1.29424
0.19 2.22842 -1.37147
0.2 2.21432 -1.44953
0.21 2.19943 -1.52844
0.22 2.18374 -1.60823
0.23 2.16726 -1.68893
0.24 2.14996 -1.77056
0.25 2.13185 -1.85314
0.26 2.1129 -1.93669
0.27 2.09311 -2.02122
0.28 2.07247 -2.10673
0.29 2.05097 -2.19324
0.3 2.0286 -2.28074
0.31 2.00535 -2.36923
0.32 1.98121 -2.4587
0.33 1.95617 -2.54913
0.34 1.93023 -2.6405
0.35 1.90336 -2.73279
0.36 1.87557 -2.82594
0.37 1.84684 -2.91993
0.38 1.81717 -3.01469
0.39 1.78654 -3.11018
0.4 1.75496 -3.20632
0.41 1.72242 -3.30304
0.42 1.6889 -3.40024
0.43 1.65441 -3.49784
0.44 1.61894 -3.59572
0.45 1.58249 -3.69377
0.46 1.54507 -3.79186
0.47 1.50666 -3.88986
0.48 1.46727 -3.98761
0.49 1.42691 -4.08495
0.5 1.38557 -4.18172
0.51 1.34327 -4.27773
0.52 1.30002 -4.3728
0.53 1.25582 -4.46671
0.54 1.21069 -4.55927
0.55 1.16464 -4.65026
0.56 1.11769 -4.73944
0.57 1.06986 -4.82658
0.58 1.02117 -4.91145
0.59 0.97164 -4.9938
0.6 0.921302 -5.07339
0.61 0.870182 -5.14997
0.62 0.818313 -5.22329
0.63 0.765728 -5.29311
0.64 0.712463 -5.35919
0.65 0.658557 -5.42129
0.66 0.604051 -5.47919
0.67 0.548988 -5.53266
0.68 0.493414 -5.5815
0.69 0.437374 -5.62553
0.7 0.38092 -5.66455
0.71 0.324101 -5.69842
0.72 0.266969 -5.72699
0.73 0.209579 -5.75014
0.74 0.151985 -5.76778
0.75 0.0942419 -5.77982
0.76 0.036407 -5.78623
0.77 -0.0214637 -5.78696
0.78 -0.0793133 -5.78202
0.79 -0.137085 -5.77143
0.8 -0.194723 -5.75523
0.81 -0.252171 -5.73349
0.82 -0.309375 -5.70631
0.83 -0.36628 -5.6738
0.84 -0.422833 -5.63609
0.85 -0.478985 -5.59334
0.86 -0.534684 -5.54572
0.87 -0.589884 -5.49343
0.88 -0.644538 -5.43666
0.89 -0.698603 -5.37562
0.9 -0.752037 -5.31055
0.91 -0.804801 -5.24167
0.92 -0.856858 -5.16923
0.93 -0.908174 -5.09347
0.94 -0.958717 -5.01463
0.95 -1.00846 -4.93297
0.96 -1.05737 -4.84872
0.97 -1.10542 -4.76214
0.98 -1.1526 -4.67347
0.99 -1.19889 -4.58293
1 -1.24426 -4.49076
1.01 -1.2887 -4.39717
1.02 -1.3322 -4.30238
1.03 -1.37474 -4.20659
1.04 -1.41633 -4.11
1.05 -1.45694 -4.01279
1.06 -1.49658 -3.91513
1.07 -1.53524 -3.81718
1.08 -1.57292 -3.7191
1.09 -1.60962 -3.62103
1.1 -1.64534 -3.52309
1.11 -1.68009 -3.42541
1.12 -1.71385 -3.3281
1.13 -1.74665 -3.23125
1.14 -1.77848 -3.13495
1.15 -1.80935 -3.03929
1.16 -1.83927 -2.94433
1.17 -1.86824 -2.85013
1.18 -1.89627 -2.75676
1.19 -1.92338 -2.66425
1.2 -1.94956 -2.57264
1.21 -1.97483 -2.48196
1.22 -1.9992 -2.39224
1.23 -2.02268 -2.3035
1.24 -2.04528 -2.21574
1.25 -2.067 -2.12898
1.26 -2.08786 -2.0432
1.27 -2.10787 -1.95842
1.28 -2.12703 -1.87462
1.29 -2.14536 -1.79179
1.3 -2.16287 -1.70992
1.31 -2.17956 -1.62898
1.32 -2.19545 -1.54896
1.33 -2.21055 -1.46983
1.34 -2.22485 -1.39155
1.35 -2.23838 -1.31411
1.36 -2.25114 -1.23746
1.37 -2.26313 -1.16158
1.38 -2.27437 -1.08642
1.39 -2.28486 -1.01195
1.4 -2.29461 -0.938138
1.41 -2.30363 -0.864931
1.42 -2.31191 -0.792292
1.43 -2.31948 -0.720177
1.44 -2.32632 -0.648543
1.45 -2.33245 -0.577346
1.46 -2.33787 -0.506539
1.47 -2.34258 -0.436077
1.48 -2.34659 -0.365913
1.49 -2.3499 -0.296
1.5 -2.35251 -0.226292
1.51 -2.35443 -0.15674
1.52 -2.35565 -0.0872964
1.53 -2.35617 -0.0179134
1.54 -2.356 0.0514572
1.55 -2.35514 0.120863
1.56 -2.35359 0.190353
1.57 -2.35133 0.259975
1.58 -2.34839 0.329776
1.59 -2.34474 0.399804
1.6 -2.34039 0.470107
1.61 -2.33534 0.54073
1.62 -2.32957 0.61172
1.63 -2.3231 0.683123
1.64 -2.31591 0.754984
1.65 -2.308 0.827347
1.66 -2.29936 0.900255
1.67 -2.28999 0.973752
1.68 -2.27988 1.04788
1.69 -2.26903 1.12267
1.7 -2.25743 1.19817
1.71 -2.24507 1.27442
1.72 -2.23194 1.35145
1.73 -2.21803 1.42929
1.74 -2.20335 1.50798
1.75 -2.18787 1.58754
1.76 -2.17159 1.668
1.77 -2.15451 1.74939
1.78 -2.1366 1.83172
1.79 -2.11787 1.91502
1.8 -2.0983 1.99929
1.81 -2.07788 2.08455
1.82 -2.0566 2.1708
1.83 -2.03446 2.25805
1.84 -2.01144 2.34629
1.85 -1.98753 2.43551
1.86 -1.96273 2.52569
1.87 -1.93702 2.61682
1.88 -1.91039 2.70887
1.89 -1.88284 2.8018
1.9 -1.85435 2.89558
1.91 -1.82492 2.99015
1.92 -1.79454 3.08546
1.93 -1.76321 3.18144
1.94 -1.73091 3.27801
1.95 -1.69765 3.3751
1.96 -1.66341 3.4726
1.97 -1.62819 3.57042
1.98 -1.592 3.66844
1.99 -1.55483 3.76653
2 -1.51667 3.86457
2.01 -1.47753 3.96239
2.02 -1.43742 4.05986
2.03 -1.39634 4.15679
2.04 -1.35429 4.25302
2.05 -1.31128 4.34835
2.06 -1.26733 4.44258
2.07 -1.22243 4.53551
2.08 -1.17662 4.62692
2.09 -1.1299 4.71659
2.1 -1.0823 4.80428
2.11 -1.03382 4.88976
2.12 -0.984509 4.97279
2.13 -0.934377 5.05312
2.14 -0.883456 5.1305
2.15 -0.831778 5.20468
2.16 -0.779374 5.27543
2.17 -0.726281 5.3425
2.18 -0.672537 5.40565
2.19 -0.618182 5.46465
2.2 -0.563259 5.51929
2.21 -0.507812 5.56934
2.22 -0.451888 5.61463
2.23 -0.395535 5.65496
2.24 -0.338805 5.69017
2.25 -0.28175 5.72012
2.26 -0.224421 5.74469
2.27 -0.166874 5.76376
2.28 -0.109164 5.77725
2.29 -0.0513478 5.78512
2.3 0.00651905 5.78732
2.31 0.0643795 5.78384
2.32 0.122177 5.7747
2.33 0.179855 5.75994
2.34 0.237357 5.73963
2.35 0.294629 5.71384
2.36 0.351616 5.6827
2.37 0.408266 5.64632
2.38 0.464526 5.60485
2.39 0.520346 5.55848
2.4 0.575679 5.50737
2.41 0.630479 5.45173
2.42 0.6847 5.39178
2.43 0.738301 5.32772
2.44 0.791241 5.25981
2.45 0.843485 5.18826
2.46 0.894995 5.11333
2.47 0.945741 5.03527
2.48 0.995691 4.95431
2.49 1.04482 4.87071
2.5 1.0931 4.78471
2.51 1.14051 4.69656
2.52 1.18702 4.60648
2.53 1.23263 4.5147
2.54 1.27731 4.42146
2.55 1.32105 4.32696
2.56 1.36385 4.23141
2.57 1.40568 4.13501
2.58 1.44654 4.03794
2.59 1.48644 3.94038
2.6 1.52535 3.84249
2.61 1.56329 3.74443
2.62 1.60024 3.64635
2.63 1.63621 3.54836
2.64 1.67121 3.4506
2.65 1.70523 3.35319
2.66 1.73827 3.25621
2.67 1.77035 3.15976
2.68 1.80147 3.06393
2.69 1.83163 2.96878
2.7 1.86085 2.87438
2.71 1.88912 2.78079
2.72 1.91647 2.68805
2.73 1.94289 2.59621
2.74 1.96839 2.50529
2.75 1.993 2.41532
2.76 2.0167 2.32632
2.77 2.03953 2.23831
2.78 2.06147 2.15129
2.79 2.08256 2.06526
2.8 2.10278 1.98022
2.81 2.12216 1.89617
2.82 2.14071 1.81309
2.83 2.15843 1.73097
2.84 2.17533 1.6498
2.85 2.19143 1.56954
2.86 2.20673 1.49018
2.87 2.22123 1.41168
2.88 2.23496 1.33403
2.89 2.24792 1.25718
2.9 2.26011 1.1811
2.91 2.27154 1.10576
2.92 2.28223 1.03112
2.93 2.29217 0.95714
2.94 2.30137 0.88378
2.95 2.30984 0.810998
2.96 2.31759 0.738752
2.97 2.32462 0.666998
2.98 2.33093 0.595692
2.99 2.33654 0.524789
3 2.34143 0.454242
3.01 2.34562 0.384006
3.02 2.34911 0.314033
3.03 2.3519 0.244276
3.04 2.354 0.174689
3.05 2.3554 0.105222
3.06 2.3561 0.0358276
3.07 2.35611 -0.0335416
3.08 2.35543 -0.102934
3.09 2.35405 -0.172398
3.1 2.35198 -0.241981
3.11 2.34921 -0.311731
3.12 2.34575 -0.381696
3.13 2.34158 -0.451923
3.14 2.33671 -0.522459
3.15 2.33113 -0.59335
3.16 2.32484 -0.664642
3.17 2.31783 -0.73638
3.18 2.31011 -0.808609
3.19 2.30166 -0.881373
3.2 2.29248 -0.954713
3.21 2.28256 -1.02867
3.22 2.27191 -1.10329
3.23 2.2605 -1.17861
3.24 2.24833 -1.25466
3.25 2.2354 -1.33148
3.26 2.2217 -1.40911
3.27 2.20722 -1.48758
3.28 2.19194 -1.56691
3.29 2.17587 -1.64714
3.3 2.159 -1.72828
3.31 2.14131 -1.81037
3.32 2.12279 -1.89342
3.33 2.10343 -1.97744
3.34 2.08324 -2.06244
3.35 2.06218 -2.14844
3.36 2.04026 -2.23543
3.37 2.01747 -2.32341
3.38 1.99379 -2.41237
3.39 1.96922 -2.50231
3.4 1.94374 -2.5932
3.41 1.91735 -2.68501
3.42 1.89004 -2.77772
3.43 1.8618 -2.87129
3.44 1.83261 -2.96566
3.45 1.80248 -3.06078
3.46 1.77139 -3.15659
3.47 1.73935 -3.25302
3.48 1.70633 -3.34998
3.49 1.67234 -3.44739
3.5 1.63738 -3.54514
3.51 1.60144 -3.64311
3.52 1.56452 -3.7412
3.53 1.52662 -3.83926
3.54 1.48773 -3.93716
3.55 1.44787 -4.03473
3.56 1.40704 -4.13182
3.57 1.36524 -4.22825
3.58 1.32248 -4.32383
3.59 1.27877 -4.41836
3.6 1.23412 -4.51165
3.61 1.18854 -4.60348
3.62 1.14205 -4.69362
3.63 1.09467 -4.78184
3.64 1.04642 -4.86792
3.65 0.997323 -4.9516
3.66 0.9474 -5.03265
3.67 0.89668 -5.11081
3.68 0.845194 -5.18585
3.69 0.792974 -5.25751
3.7 0.740056 -5.32555
3.71 0.686476 -5.38973
3.72 0.632275 -5.44983
3.73 0.577494 -5.50561
3.74 0.522178 -5.55687
3.75 0.466372 -5.6034
3.76 0.410126 -5.64503
3.77 0.353489 -5.68158
3.78 0.296512 -5.7129
3.79 0.239248 -5.73887
3.8 0.181753 -5.75936
3.81 0.12408 -5.7743
3.82 0.0662853 -5.78363
3.83 0.00842603 -5.78729
3.84 -0.0494416 -5.78528
3.85 -0.107261 -5.7776
3.86 -0.164975 -5.76429
3.87 -0.222528 -5.7454
3.88 -0.279865 -5.72102
3.89 -0.33693 -5.69125
3.9 -0.393672 -5.6562
3.91 -0.450037 -5.61604
3.92 -0.505976 -5.57091
3.93 -0.56144 -5.52101
3.94 -0.616381 -5.46652
3.95 -0.670756 -5.40766
3.96 -0.72452 -5.34465
3.97 -0.777635 -5.2777
3.98 -0.830062 -5.20707
3.99 -0.881765 -5.13299
4 -0.932711 -5.05571
4.01 -0.98287 -4.97548
4.02 -1.03221 -4.89254
4.03 -1.08071 -4.80714
4.04 -1.12835 -4.71951
4.05 -1.1751 -4.62991
4.06 -1.22094 -4.53855
4.07 -1.26586 -4.44567
4.08 -1.30985 -4.35147
4.09 -1.35289 -4.25618
4.1 -1.39497 -4.15998
4.11 -1.43608 -4.06306
4.12 -1.47623 -3.96561
4.13 -1.5154 -3.86779
4.14 -1.55358 -3.76976
4.15 -1.59079 -3.67167
4.16 -1.62702 -3.57365
4.17 -1.66226 -3.47582
4.18 -1.69653 -3.3783
4.19 -1.72983 -3.2812
4.2 -1.76216 -3.18461
4.21 -1.79353 -3.08861
4.22 -1.82394 -2.99328
4.23 -1.85339 -2.89868
4.24 -1.88191 -2.80488
4.25 -1.90949 -2.71192
4.26 -1.93615 -2.61984
4.27 -1.96189 -2.52868
4.28 -1.98673 -2.43846
4.29 -2.01067 -2.34921
4.3 -2.03372 -2.26094
4.31 -2.05589 -2.17366
4.32 -2.07719 -2.08738
4.33 -2.09764 -2.00209
4.34 -2.11724 -1.91778
4.35 -2.136 -1.83445
4.36 -2.15393 -1.75209
4.37 -2.17104 -1.67067
4.38 -2.18735 -1.59018
4.39 -2.20285 -1.51059
4.4 -2.21756 -1.43187
4.41 -2.23149 -1.354
4.42 -2.24464 -1.27695
4.43 -2.25703 -1.20068
4.44 -2.26866 -1.12515
4.45 -2.27954 -1.05033
4.46 -2.28967 -0.976184
4.47 -2.29906 -0.902667
4.48 -2.30772 -0.82974
4.49 -2.31566 -0.75736
4.5 -2.32287 -0.685483
4.51 -2.32937 -0.614066
4.52 -2.33516 -0.543063
4.53 -2.34023 -0.472428
4.54 -2.34461 -0.402116
4.55 -2.34828 -0.33208
4.56 -2.35125 -0.262272
4.57 -2.35352 -0.192645
4.58 -2.3551 -0.123152
4.59 -2.35599 -0.0537434
4.6 -2.35618 0.0156276
4.61 -2.35567 0.0850094
4.62 -2.35448 0.15445
4.63 -2.35258 0.223998
4.64 -2.35 0.2937
4.65 -2.34671 0.363605
4.66 -2.34272 0.43376
4.67 -2.33803 0.504212
4.68 -2.33264 0.575006
4.69 -2.32653 0.646191
4.7 -2.31971 0.717809
4.71 -2.31217 0.789908
4.72 -2.30391 0.862529
4.73 -2.29492 0.935716
4.74 -2.2852 1.00951
4.75 -2.27473 1.08396
4.76 -2.26351 1.15909
4.77 -2.25155 1.23495
4.78 -2.23881 1.31157
4.79 -2.22531 1.38899
4.8 -2.21103 1.46723
4.81 -2.19596 1.54634
4.82 -2.1801 1.62633
4.83 -2.16343 1.70724
4.84 -2.14595 1.78908
4.85 -2.12765 1.87188
4.86 -2.10851 1.95565
4.87 -2.08853 2.04039
4.88 -2.0677 2.12613
4.89 -2.04601 2.21287
4.9 -2.02344 2.30059
4.91 -1.99999 2.38931
4.92 -1.97565 2.47899
4.93 -1.95041 2.56964
4.94 -1.92426 2.66122
4.95 -1.89718 2.7537
4.96 -1.86918 2.84704
4.97 -1.84024 2.94121
4.98 -1.81035 3.03615
4.99 -1.77951 3.13179
5 -1.74771 3.22806
5.01 -1.71495 3.3249
5.02 -1.68121 3.4222
5.03 -1.6465 3.51987
5.04 -1.61082 3.6178
5.05 -1.57415 3.71587
5.06 -1.5365 3.81395
5.07 -1.49787 3.9119
5.08 -1.45826 4.00958
5.09 -1.41768 4.10681
5.1 -1.37613 4.20342
5.11 -1.33361 4.29924
5.12 -1.29015 4.39406
5.13 -1.24574 4.48769
5.14 -1.2004 4.57992
5.15 -1.15414 4.67051
5.16 -1.10699 4.75925
5.17 -1.05897 4.84591
5.18 -1.01008 4.93023
5.19 -0.960369 5.01198
5.2 -0.909852 5.09092
5.21 -0.858561 5.16678
5.22 -0.806528 5.23934
5.23 -0.753786 5.30834
5.24 -0.700373 5.37354
5.25 -0.646329 5.43471
5.26 -0.591693 5.49163
5.27 -0.536511 5.54408
5.28 -0.480828 5.59185
5.29 -0.42469 5.63476
5.3 -0.368149 5.67264
5.31 -0.311255 5.70532
5.32 -0.25406 5.73268
5.33 -0.196619 5.7546
5.34 -0.138987 5.77098
5.35 -0.0812185 5.78176
5.36 -0.0233705 5.78689
5.37 0.0345003 5.78634
5.38 0.0923374 5.78013
5.39 0.150084 5.76826
5.4 0.207684 5.75081
5.41 0.265082 5.72784
5.42 0.322223 5.69944
5.43 0.379053 5.66575
5.44 0.435521 5.62689
5.45 0.491574 5.58303
5.46 0.547165 5.53434
5.47 0.602246 5.48102
5.48 0.656771 5.42327
5.49 0.710697 5.3613
5.5 0.763984 5.29535
5.51 0.816592 5.22565
5.52 0.868485 5.15244
5.53 0.919629 5.07596
5.54 0.969994 4.99647
5.55 1.01955 4.9142
5.56 1.06827 4.82941
5.57 1.11613 4.74234
5.58 1.16311 4.65322
5.59 1.20919 4.5623
5.6 1.25435 4.46979
5.61 1.29858 4.37591
5.62 1.34186 4.28088
5.63 1.38419 4.1849
5.64 1.42556 4.08815
5.65 1.46596 3.99082
5.66 1.50538 3.89308
5.67 1.54382 3.79509
5.68 1.58128 3.697
5.69 1.61776 3.59895
5.7 1.65326 3.50106
5.71 1.68778 3.40345
5.72 1.72133 3.30623
5.73 1.7539 3.2095
5.74 1.78552 3.11334
5.75 1.81617 3.01783
5.76 1.84588 2.92304
5.77 1.87464 2.82902
5.78 1.90246 2.73584
5.79 1.92936 2.64353
5.8 1.95533 2.55213
5.81 1.9804 2.46167
5.82 2.00457 2.37217
5.83 2.02785 2.28364
5.84 2.05025 2.19611
5.85 2.07177 2.10957
5.86 2.09244 2.02402
5.87 2.11226 1.93946
5.88 2.13123 1.85588
5.89 2.14938 1.77327
5.9 2.1667 1.69161
5.91 2.18321 1.61088
5.92 2.19892 1.53106
5.93 2.21384 1.45212
5.94 2.22797 1.37403
5.95 2.24132 1.29677
5.96 2.25391 1.2203
5.97 2.26573 1.14458
5.98 2.2768 1.06959
5.99 2.28712 0.995269
6 2.29671 0.921594
6.01 2.30556 0.848519
6.02 2.31368 0.776001
6.03 2.32108 0.703999
6.04 2.32776 0.632467
6.05 2.33373 0.561361
6.06 2.33899 0.490636
6.07 2.34354 0.420245
6.08 2.3474 0.350142
6.09 2.35055 0.28028
6.1 2.353 0.210611
6.11 2.35476 0.141087
6.12 2.35582 0.0716617
6.13 2.35619 0.00228568
6.14 2.35587 -0.0670887
6.15 2.35485 -0.13651
6.16 2.35314 -0.206025
6.17 2.35073 -0.275683
6.18 2.34763 -0.345531
6.19 2.34382 -0.415617
6.2 2.33931 -0.485987
6.21 2.3341 -0.556689
6.22 2.32818 -0.627768
6.23 2.32154 -0.699271
6.24 2.31419 -0.771241
6.25 2.30612 -0.843723
6.26 2.29731 -0.91676
6.27 2.28778 -0.990395
6.28 2.2775 -1.06467
6.29 2.26648 -1.13962
6.3 2.25471 -1.21529
6.31 2.24217 -1.29171
6.32 2.22887 -1.36892
6.33 2.21479 -1.44694
6.34 2.19993 -1.52583
6.35 2.18427 -1.60559
6.36 2.16782 -1.68626
6.37 2.15055 -1.76786
6.38 2.13246 -1.8504
6.39 2.11353 -1.93392
6.4 2.09377 -2.01841
6.41 2.07316 -2.1039
6.42 2.05169 -2.19037
6.43 2.02935 -2.27784
6.44 2.00613 -2.3663
6.45 1.98202 -2.45574
6.46 1.95701 -2.54614
6.47 1.9311 -2.63748
6.48 1.90426 -2.72973
6.49 1.8765 -2.82286
6.5 1.8478 -2.91682
6.51 1.81816 -3.01156
6.52 1.78757 -3.10702
6.53 1.75602 -3.20314
6.54 1.7235 -3.29984
6.55 1.69002 -3.39703
6.56 1.65556 -3.49462
6.57 1.62013 -3.59249
6.58 1.58371 -3.69054
6.59 1.54632 -3.78863
6.6 1.50794 -3.88663
6.61 1.46858 -3.98439
6.62 1.42825 -4.08175
6.63 1.38695 -4.17854
6.64 1.34468 -4.27458
6.65 1.30146 -4.36968
6.66 1.25729 -4.46364
6.67 1.21219 -4.55625
6.68 1.16617 -4.64729
6.69 1.11925 -4.73653
6.7 1.07145 -4.82374
6.71 1.02279 -4.90869
6.72 0.973285 -4.99113
6.73 0.922973 -5.07082
6.74 0.871879 -5.1475
6.75 0.820034 -5.22093
6.76 0.767472 -5.29087
6.77 0.714229 -5.35708
6.78 0.660343 -5.41931
6.79 0.605857 -5.47735
6.8 0.550811 -5.53097
6.81 0.495253 -5.57997
6.82 0.439228 -5.62415
6.83 0.382786 -5.66335
6.84 0.325978 -5.69739
6.85 0.268856 -5.72613
6.86 0.211473 -5.74947
6.87 0.153885 -5.76729
6.88 0.0961464 -5.77952
6.89 0.0383135 -5.78611
6.9 -0.0195569 -5.78703
6.91 -0.0774081 -5.78227
6.92 -0.135183 -5.77187
6.93 -0.192827 -5.75585
6.94 -0.250282 -5.73429
6.95 -0.307494 -5.70729
6.96 -0.36441 -5.67495
6.97 -0.420976 -5.63741
6.98 -0.477141 -5.59483
6.99 -0.532856 -5.54737
7 -0.588073 -5.49522
7.01 -0.642746 -5.4386
7.02 -0.696831 -5.3777
7.03 -0.750286 -5.31275
7.04 -0.803073 -5.244
7.05 -0.855154 -5.17167
7.06 -0.906496 -5.09601
7.07 -0.957064 -5.01727
7.08 -1.00683 -4.9357
7.09 -1.05577 -4.85154
7.1 -1.10385 -4.76503
7.11 -1.15106 -4.67642
7.12 -1.19738 -4.58594
7.13 -1.24278 -4.49382
7.14 -1.28725 -4.40027
7.15 -1.33078 -4.30552
7.16 -1.37336 -4.20976
7.17 -1.41497 -4.1132
7.18 -1.45562 -4.016
7.19 -1.49529 -3.91835
7.2 -1.53398 -3.82041
7.21 -1.5717 -3.72233
7.22 -1.60843 -3.62426
7.23 -1.64418 -3.52631
7.24 -1.67896 -3.42862
7.25 -1.71276 -3.3313
7.26 -1.74558 -3.23443
7.27 -1.77745 -3.13811
7.28 -1.80835 -3.04243
7.29 -1.8383 -2.94744
7.3 -1.8673 -2.85323
7.31 -1.89536 -2.75982
7.32 -1.9225 -2.66728
7.33 -1.94871 -2.57564
7.34 -1.97402 -2.48494
7.35 -1.99842 -2.39519
7.36 -2.02192 -2.30641
7.37 -2.04455 -2.21862
7.38 -2.0663 -2.13182
7.39 -2.08719 -2.04601
7.4 -2.10722 -1.9612
7.41 -2.12641 -1.87737
7.42 -2.14477 -1.79451
7.43 -2.16231 -1.7126
7.44 -2.17903 -1.63164
7.45 -2.19494 -1.55158
7.46 -2.21006 -1.47242
7.47 -2.22439 -1.39412
7.48 -2.23795 -1.31664
7.49 -2.25073 -1.23997
7.5 -2.26275 -1.16407
7.51 -2.27401 -1.08889
7.52 -2.28453 -1.0144
7.53 -2.2943 -0.94056
7.54 -2.30334 -0.867334
7.55 -2.31165 -0.794677
7.56 -2.31924 -0.722545
7.57 -2.3261 -0.650896
7.58 -2.33226 -0.579685
7.59 -2.3377 -0.508866
7.6 -2.34244 -0.438393
7.61 -2.34647 -0.36822
7.62 -2.3498 -0.2983
7.63 -2.35244 -0.228586
7.64 -2.35437 -0.15903
7.65 -2.35562 -0.0895833
7.66 -2.35617 -0.0201991
7.67 -2.35602 0.0491712
7.68 -2.35518 0.118575
7.69 -2.35365 0.188062
7.7 -2.35142 0.257679
7.71 -2.34849 0.327473
7.72 -2.34487 0.397493
7.73 -2.34054 0.467785
7.74 -2.33551 0.538397
7.75 -2.32977 0.609374
7.76 -2.32332 0.680763
7.77 -2.31616 0.752608
7.78 -2.30827 0.824954
7.79 -2.29966 0.897844
7.8 -2.29031 0.97132
7.81 -2.28023 1.04542
7.82 -2.2694 1.1202
7.83 -2.25782 1.19568
7.84 -2.24548 1.2719
7.85 -2.23238 1.3489
7.86 -2.2185 1.42671
7.87 -2.20384 1.50537
7.88 -2.18839 1.58491
7.89 -2.17214 1.66534
7.9 -2.15508 1.74669
7.91 -2.13721 1.829
7.92 -2.1185 1.91226
7.93 -2.09896 1.9965
7.94 -2.07857 2.08173
7.95 -2.05732 2.16795
7.96 -2.03521 2.25516
7.97 -2.01221 2.34336
7.98 -1.98833 2.43255
7.99 -1.96356 2.5227
8 -1.93788 2.6138
8.01 -1.91128 2.70582
8.02 -1.88376 2.79873
8.03 -1.8553 2.89248
8.04 -1.82591 2.98702
8.05 -1.79556 3.08231
8.06 -1.76426 3.17826
8.07 -1.73199 3.27482
8.08 -1.69876 3.37189
8.09 -1.66455 3.46938
8.1 -1.62937 3.56719
8.11 -1.59321 3.66521
8.12 -1.55607 3.7633
8.13 -1.51794 3.86134
8.14 -1.47884 3.95918
8.15 -1.43876 4.05666
8.16 -1.39771 4.15361
8.17 -1.35569 4.24986
8.18 -1.31271 4.34523
8.19 -1.26879 4.4395
8.2 -1.22393 4.53247
8.21 -1.17815 4.62394
8.22 -1.13146 4.71367
8.23 -1.08388 4.80143
8.24 -1.03543 4.88699
8.25 -0.986147 4.9701
8.26 -0.936041 5.05052
8.27 -0.885146 5.128
8.28 -0.833492 5.20229
8.29 -0.781112 5.27316
8.3 -0.728041 5.34035
8.31 -0.674318 5.40363
8.32 -0.619982 5.46278
8.33 -0.565077 5.51756
8.34 -0.509646 5.56777
8.35 -0.453737 5.61322
8.36 -0.397399 5.65371
8.37 -0.34068 5.6891
8.38 -0.283634 5.71922
8.39 -0.226314 5.74396
8.4 -0.168773 5.76322
8.41 -0.111068 5.7769
8.42 -0.053254 5.78495
8.43 0.00461215 5.78733
8.44 0.0624738 5.78404
8.45 0.120274 5.77509
8.46 0.177957 5.76052
8.47 0.235466 5.74039
8.48 0.292746 5.71478
8.49 0.349744 5.68381
8.5 0.406405 5.6476
8.51 0.462679 5.6063
8.52 0.518515 5.56008
8.53 0.573865 5.50913
8.54 0.628682 5.45364
8.55 0.682923 5.39382
8.56 0.736545 5.3299
8.57 0.789508 5.2621
8.58 0.841775 5.19067
8.59 0.89331 5.11585
8.6 0.944081 5.03789
8.61 0.994058 4.95702
8.62 1.04321 4.87351
8.63 1.09152 4.78758
8.64 1.13896 4.69949
8.65 1.1855 4.60947
8.66 1.23114 4.51775
8.67 1.27585 4.42455
8.68 1.31963 4.33009
8.69 1.36245 4.23458
8.7 1.40432 4.1382
8.71 1.44521 4.04115
8.72 1.48514 3.9436
8.73 1.52408 3.84572
8.74 1.56205 3.74767
8.75 1.59904 3.64958
8.76 1.63504 3.55159
8.77 1.67007 3.45382
8.78 1.70412 3.35639
8.79 1.7372 3.25939
8.8 1.76931 3.16293
8.81 1.80046 3.06707
8.82 1.83065 2.9719
8.83 1.8599 2.87748
8.84 1.88821 2.78386
8.85 1.91558 2.6911
8.86 1.94203 2.59922
8.87 1.96757 2.50827
8.88 1.9922 2.41827
8.89 2.01594 2.32924
8.9 2.03879 2.24119
8.91 2.06076 2.15414
8.92 2.08187 2.06808
8.93 2.10213 1.98301
8.94 2.12154 1.89892
8.95 2.14011 1.81581
8.96 2.15786 1.73366
8.97 2.17479 1.65246
8.98 2.19091 1.57217
8.99 2.20623 1.49278
9 2.22077 1.41426
9.01 2.23452 1.33657
9.02 2.2475 1.2597
9.03 2.25972 1.1836
9.04 2.27118 1.10823
9.05 2.28189 1.03357
9.06 2.29185 0.959568
9.07 2.30108 0.886188
9.08 2.30958 0.813387
9.09 2.31735 0.741124
9.1 2.3244 0.669355
9.11 2.33074 0.598035
9.12 2.33636 0.527119
9.13 2.34128 0.456561
9.14 2.34549 0.386316
9.15 2.34901 0.316335
9.16 2.35182 0.246572
9.17 2.35394 0.176979
9.18 2.35536 0.107509
9.19 2.35609 0.0381134
9.2 2.35612 -0.0312559
9.21 2.35546 -0.100647
9.22 2.35411 -0.170107
9.23 2.35206 -0.239686
9.24 2.34932 -0.30943
9.25 2.34587 -0.379387
9.26 2.34173 -0.449604
9.27 2.33688 -0.520129
9.28 2.33132 -0.591008
9.29 2.32506 -0.662286
9.3 2.31808 -0.734009
9.31 2.31038 -0.806221
9.32 2.30195 -0.878966
9.33 2.2928 -0.952287
9.34 2.2829 -1.02623
9.35 2.27227 -1.10082
9.36 2.26088 -1.17611
9.37 2.24874 -1.25214
9.38 2.23584 -1.32894
9.39 2.22216 -1.40654
9.4 2.20771 -1.48498
9.41 2.19246 -1.56428
9.42 2.17642 -1.64448
9.43 2.15957 -1.7256
9.44 2.1419 -1.80765
9.45 2.12341 -1.89066
9.46 2.10409 -1.97465
9.47 2.08391 -2.05962
9.48 2.06289 -2.14559
9.49 2.041 -2.23254
9.5 2.01824 -2.32049
9.51 1.99459 -2.40943
9.52 1.97004 -2.49933
9.53 1.9446 -2.59019
9.54 1.91824 -2.68197
9.55 1.89095 -2.77465
9.56 1.86274 -2.86819
9.57 1.83359 -2.96253
9.58 1.80349 -3.05763
9.59 1.77243 -3.15342
9.6 1.74042 -3.24983
9.61 1.70743 -3.34678
9.62 1.67348 -3.44417
9.63 1.63855 -3.54191
9.64 1.60264 -3.63988
9.65 1.56575 -3.73797
9.66 1.52788 -3.83604
9.67 1.48903 -3.93394
9.68 1.4492 -4.03153
9.69 1.4084 -4.12863
9.7 1.36663 -4.22509
9.71 1.3239 -4.3207
9.72 1.28022 -4.41527
9.73 1.2356 -4.5086
9.74 1.19006 -4.60048
9.75 1.1436 -4.69068
9.76 1.09625 -4.77897
9.77 1.04803 -4.86512
9.78 0.998954 -4.94888
9.79 0.949057 -5.03002
9.8 0.898363 -5.10828
9.81 0.846902 -5.18343
9.82 0.794706 -5.2552
9.83 0.74181 -5.32337
9.84 0.688252 -5.38768
9.85 0.63407 -5.44791
9.86 0.579308 -5.50384
9.87 0.524008 -5.55525
9.88 0.468218 -5.60195
9.89 0.411986 -5.64374
9.9 0.35536 -5.68046
9.91 0.298394 -5.71195
9.92 0.241139 -5.7381
9.93 0.18365 -5.75878
9.94 0.125982 -5.7739
9.95 0.068191 -5.78341
9.96 0.0103329 -5.78726
9.97 -0.0475353 -5.78544
9.98 -0.105357 -5.77794
9.99 -0.163075 -5.76482
10 -0.220635 -5.74611
