0 0.785398 0
0.01 0.785051 -0.0693592
0.02 0.784011 -0.13867
0.03 0.782278 -0.207885
0.04 0.779854 -0.276955
0.05 0.77674 -0.345832
0.06 0.772938 -0.414467
0.07 0.768451 -0.48281
0.08 0.763283 -0.550813
0.09 0.757436 -0.618426
0.1 0.750916 -0.685598
0.11 0.743726 -0.752278
0.12 0.735872 -0.818415
0.13 0.72736 -0.883957
0.14 0.718195 -0.948851
0.15 0.708385 -1.01304
0.16 0.697937 -1.07648
0.17 0.686858 -1.13911
0.18 0.675158 -1.20088
0.19 0.662844 -1.26172
0.2 0.649926 -1.32159
0.21 0.636415 -1.38043
0.22 0.622321 -1.43818
0.23 0.607656 -1.49478
0.24 0.59243 -1.55018
0.25 0.576656 -1.60431
0.26 0.560348 -1.65713
0.27 0.543518 -1.70857
0.28 0.526181 -1.75858
0.29 0.508352 -1.80709
0.3 0.490045 -1.85406
0.31 0.471276 -1.89942
0.32 0.452062 -1.94312
0.33 0.432419 -1.9851
0.34 0.412366 -2.02532
0.35 0.391919 -2.06372
0.36 0.371098 -2.10024
0.37 0.349921 -2.13485
0.38 0.328407 -2.16749
0.39 0.306577 -2.19812
0.4 0.284452 -2.22669
0.41 0.262051 -2.25317
0.42 0.239395 -2.27751
0.43 0.216508 -2.29968
0.44 0.193409 -2.31964
0.45 0.170122 -2.33738
0.46 0.146669 -2.35285
0.47 0.123073 -2.36604
0.48 0.0993561 -2.37693
0.49 0.075542 -2.3855
0.5 0.0516539 -2.39174
0.51 0.0277151 -2.39563
0.52 0.00374914 -2.39717
0.53 -0.0202205 -2.39636
0.54 -0.0441703 -2.3932
0.55 -0.0680768 -2.3877
0.56 -0.0919165 -2.37986
0.57 -0.115666 -2.3697
0.58 -0.139303 -2.35722
0.59 -0.162803 -2.34246
0.6 -0.186144 -2.32543
0.61 -0.209304 -2.30616
0.62 -0.23226 -2.28468
0.63 -0.25499 -2.26101
0.64 -0.277473 -2.2352
0.65 -0.299687 -2.20728
0.66 -0.321612 -2.17729
0.67 -0.343226 -2.14527
0.68 -0.364511 -2.11128
0.69 -0.385446 -2.07535
0.7 -0.406012 -2.03753
0.71 -0.42619 -1.99788
0.72 -0.445963 -1.95644
0.73 -0.465313 -1.91327
0.74 -0.484223 -1.86842
0.75 -0.502676 -1.82195
0.76 -0.520657 -1.77391
0.77 -0.538149 -1.72437
0.78 -0.555139 -1.67337
0.79 -0.571612 -1.62098
0.8 -0.587554 -1.56725
0.81 -0.602953 -1.51224
0.82 -0.617795 -1.45601
0.83 -0.632069 -1.39861
0.84 -0.645764 -1.34011
0.85 -0.658868 -1.28056
0.86 -0.671371 -1.22001
0.87 -0.683265 -1.15853
0.88 -0.694539 -1.09616
0.89 -0.705185 -1.03297
0.9 -0.715196 -0.969008
0.91 -0.724563 -0.904327
0.92 -0.73328 -0.838982
0.93 -0.741341 -0.773026
0.94 -0.748739 -0.70651
0.95 -0.755469 -0.639487
0.96 -0.761527 -0.572007
0.97 -0.766908 -0.50412
0.98 -0.771608 -0.435878
0.99 -0.775624 -0.367329
1 -0.778954 -0.298522
1.01 -0.781594 -0.229507
1.02 -0.783544 -0.160333
1.03 -0.7848 -0.0910467
1.04 -0.785364 -0.0216974
1.05 -0.785234 0.0476669
1.06 -0.784411 0.116998
1.07 -0.782895 0.186248
1.08 -0.780686 0.255369
1.09 -0.777788 0.324311
1.1 -0.774201 0.393027
1.11 -0.769928 0.461467
1.12 -0.764973 0.529582
1.13 -0.759338 0.597322
1.14 -0.753028 0.664637
1.15 -0.746047 0.731477
1.16 -0.7384 0.797789
1.17 -0.730093 0.863523
1.18 -0.721132 0.928625
1.19 -0.711523 0.993043
1.2 -0.701273 1.05672
1.21 -0.690391 1.11961
1.22 -0.678884 1.18165
1.23 -0.666761 1.24279
1.24 -0.654031 1.30297
1.25 -0.640705 1.36214
1.26 -0.626792 1.42023
1.27 -0.612304 1.4772
1.28 -0.597252 1.53298
1.29 -0.581648 1.58752
1.3 -0.565506 1.64076
1.31 -0.548838 1.69263
1.32 -0.531658 1.74309
1.33 -0.513981 1.79208
1.34 -0.495821 1.83954
1.35 -0.477195 1.8854
1.36 -0.458119 1.92963
1.37 -0.438608 1.97216
1.38 -0.418682 2.01293
1.39 -0.398356 2.05191
1.4 -0.37765 2.08902
1.41 -0.356582 2.12424
1.42 -0.335171 2.1575
1.43 -0.313438 2.18876
1.44 -0.291403 2.21798
1.45 -0.269086 2.24511
1.46 -0.246508 2.27012
1.47 -0.223691 2.29298
1.48 -0.200656 2.31364
1.49 -0.177425 2.33207
1.5 -0.154022 2.34826
1.51 -0.130468 2.36216
1.52 -0.106786 2.37377
1.53 -0.0829999 2.38307
1.54 -0.0591325 2.39004
1.55 -0.035207 2.39466
1.56 -0.011247 2.39694
1.57 0.012724 2.39687
1.58 0.0366825 2.39444
1.59 0.060605 2.38967
1.6 0.0844682 2.38256
1.61 0.108249 2.37313
1.62 0.131923 2.36137
1.63 0.155468 2.34732
1.64 0.178862 2.331
1.65 0.202081 2.31243
1.66 0.225103 2.29163
1.67 0.247906 2.26864
1.68 0.270469 2.2435
1.69 0.292769 2.21624
1.7 0.314786 2.18689
1.71 0.3365 2.1555
1.72 0.35789 2.12212
1.73 0.378936 2.08679
1.74 0.399619 2.04956
1.75 0.419921 2.01047
1.76 0.439823 1.96959
1.77 0.459307 1.92695
1.78 0.478356 1.88262
1.79 0.496954 1.83666
1.8 0.515084 1.7891
1.81 0.532731 1.74003
1.82 0.54988 1.68948
1.83 0.566516 1.63751
1.84 0.582625 1.5842
1.85 0.598195 1.52958
1.86 0.613213 1.47372
1.87 0.627666 1.41669
1.88 0.641543 1.35852
1.89 0.654833 1.29929
1.9 0.667525 1.23905
1.91 0.679611 1.17786
1.92 0.69108 1.11576
1.93 0.701923 1.05282
1.94 0.712133 0.989095
1.95 0.721703 0.924633
1.96 0.730624 0.85949
1.97 0.73889 0.793719
1.98 0.746496 0.727373
1.99 0.753436 0.660503
2 0.759705 0.59316
2.01 0.765298 0.525395
2.02 0.770211 0.457259
2.03 0.774442 0.3888
2.04 0.777986 0.320069
2.05 0.780843 0.251114
2.06 0.783008 0.181984
2.07 0.784482 0.112728
2.08 0.785262 0.0433933
2.09 0.78535 -0.0259714
2.1 0.784743 -0.0953182
2.11 0.783443 -0.164599
2.12 0.781451 -0.233765
2.13 0.778769 -0.302768
2.14 0.775397 -0.37156
2.15 0.771338 -0.440092
2.16 0.766596 -0.508314
2.17 0.761173 -0.576177
2.18 0.755074 -0.64363
2.19 0.748302 -0.710624
2.2 0.740863 -0.777107
2.21 0.732762 -0.843027
2.22 0.724005 -0.908332
2.23 0.714597 -0.97297
2.24 0.704548 -1.03689
2.25 0.693862 -1.10003
2.26 0.68255 -1.16234
2.27 0.670618 -1.22377
2.28 0.658078 -1.28425
2.29 0.644937 -1.34374
2.3 0.631206 -1.40218
2.31 0.616897 -1.45951
2.32 0.60202 -1.51566
2.33 0.586588 -1.5706
2.34 0.570612 -1.62425
2.35 0.554107 -1.67655
2.36 0.537086 -1.72746
2.37 0.519563 -1.77692
2.38 0.501552 -1.82486
2.39 0.483071 -1.87123
2.4 0.464133 -1.91598
2.41 0.444757 -1.95904
2.42 0.424958 -2.00037
2.43 0.404755 -2.03991
2.44 0.384166 -2.07762
2.45 0.363209 -2.11343
2.46 0.341904 -2.14731
2.47 0.32027 -2.1792
2.48 0.298327 -2.20906
2.49 0.276096 -2.23685
2.5 0.253597 -2.26253
2.51 0.230852 -2.28606
2.52 0.207883 -2.30741
2.53 0.184711 -2.32655
2.54 0.161359 -2.34344
2.55 0.13785 -2.35806
2.56 0.114206 -2.37039
2.57 0.09045 -2.38041
2.58 0.0666054 -2.38811
2.59 0.0426956 -2.39347
2.6 0.0187439 -2.39648
2.61 -0.0052262 -2.39714
2.62 -0.0291911 -2.39546
2.63 -0.0531275 -2.39142
2.64 -0.0770117 -2.38504
2.65 -0.10082 -2.37633
2.66 -0.124531 -2.3653
2.67 -0.148119 -2.35196
2.68 -0.171562 -2.33635
2.69 -0.194838 -2.31848
2.7 -0.217924 -2.29837
2.71 -0.240798 -2.27607
2.72 -0.263438 -2.2516
2.73 -0.285823 -2.22499
2.74 -0.307931 -2.19629
2.75 -0.329742 -2.16554
2.76 -0.351235 -2.13278
2.77 -0.372391 -2.09805
2.78 -0.39319 -2.06141
2.79 -0.413613 -2.02289
2.8 -0.433642 -1.98257
2.81 -0.453258 -1.94047
2.82 -0.472446 -1.89667
2.83 -0.491186 -1.85121
2.84 -0.509464 -1.80415
2.85 -0.527264 -1.75554
2.86 -0.54457 -1.70544
2.87 -0.561368 -1.65392
2.88 -0.577644 -1.60102
2.89 -0.593384 -1.5468
2.9 -0.608576 -1.49133
2.91 -0.623207 -1.43465
2.92 -0.637265 -1.37683
2.93 -0.65074 -1.31793
2.94 -0.66362 -1.258
2.95 -0.675896 -1.1971
2.96 -0.687559 -1.13528
2.97 -0.698599 -1.0726
2.98 -0.709008 -1.00911
2.99 -0.718779 -0.944872
3 -0.727903 -0.879936
3.01 -0.736375 -0.814356
3.02 -0.744188 -0.748185
3.03 -0.751337 -0.681473
3.04 -0.757816 -0.614272
3.05 -0.763621 -0.546634
3.06 -0.768748 -0.478608
3.07 -0.773192 -0.410245
3.08 -0.776952 -0.341594
3.09 -0.780023 -0.272704
3.1 -0.782405 -0.203624
3.11 -0.784095 -0.134402
3.12 -0.785093 -0.0650863
3.13 -0.785397 0.00427421
3.14 -0.785007 0.0736318
3.15 -0.783924 0.142938
3.16 -0.782149 0.212145
3.17 -0.779682 0.281205
3.18 -0.776525 0.350068
3.19 -0.772681 0.418687
3.2 -0.768153 0.487011
3.21 -0.762942 0.554991
3.22 -0.757054 0.622578
3.23 -0.750492 0.689721
3.24 -0.743261 0.756369
3.25 -0.735367 0.822471
3.26 -0.726814 0.887975
3.27 -0.717609 0.952827
3.28 -0.70776 1.01697
3.29 -0.697272 1.08036
3.3 -0.686155 1.14294
3.31 -0.674416 1.20465
3.32 -0.662065 1.26544
3.33 -0.649111 1.32525
3.34 -0.635564 1.38402
3.35 -0.621434 1.4417
3.36 -0.606734 1.49823
3.37 -0.591474 1.55355
3.38 -0.575667 1.60761
3.39 -0.559326 1.66034
3.4 -0.542465 1.71169
3.41 -0.525097 1.76161
3.42 -0.507237 1.81003
3.43 -0.488901 1.8569
3.44 -0.470105 1.90216
3.45 -0.450864 1.94575
3.46 -0.431195 1.98763
3.47 -0.411117 2.02774
3.48 -0.390647 2.06602
3.49 -0.369803 2.10243
3.5 -0.348604 2.13692
3.51 -0.327071 2.16944
3.52 -0.305222 2.19994
3.53 -0.283079 2.22838
3.54 -0.260662 2.25473
3.55 -0.237992 2.27893
3.56 -0.21509 2.30097
3.57 -0.19198 2.3208
3.58 -0.168682 2.3384
3.59 -0.145219 2.35373
3.6 -0.121615 2.36678
3.61 -0.0978913 2.37753
3.62 -0.074072 2.38595
3.63 -0.05018 2.39204
3.64 -0.0262389 2.39579
3.65 -0.00227206 2.39719
3.66 0.021697 2.39624
3.67 0.0456448 2.39293
3.68 0.0695479 2.38729
3.69 0.0933828 2.3793
3.7 0.117126 2.369
3.71 0.140755 2.35638
3.72 0.164246 2.34148
3.73 0.187577 2.32431
3.74 0.210725 2.3049
3.75 0.233668 2.28328
3.76 0.256383 2.25948
3.77 0.27885 2.23354
3.78 0.301047 2.20549
3.79 0.322953 2.17538
3.8 0.344548 2.14324
3.81 0.365811 2.10912
3.82 0.386724 2.07307
3.83 0.407266 2.03514
3.84 0.42742 1.99537
3.85 0.447168 1.95383
3.86 0.466491 1.91055
3.87 0.485373 1.8656
3.88 0.503798 1.81903
3.89 0.521749 1.7709
3.9 0.539211 1.72127
3.91 0.556169 1.67018
3.92 0.57261 1.61771
3.93 0.588519 1.5639
3.94 0.603883 1.50881
3.95 0.618691 1.4525
3.96 0.63293 1.39504
3.97 0.646588 1.33647
3.98 0.659656 1.27685
3.99 0.672122 1.21625
4 0.683977 1.15471
4.01 0.695213 1.09229
4.02 0.705821 1.02905
4.03 0.715792 0.965042
4.04 0.725119 0.90032
4.05 0.733796 0.834936
4.06 0.741816 0.768943
4.07 0.749173 0.702395
4.08 0.755862 0.635342
4.09 0.761878 0.567835
4.1 0.767217 0.499925
4.11 0.771875 0.431662
4.12 0.775849 0.363096
4.13 0.779137 0.294275
4.14 0.781734 0.225249
4.15 0.783641 0.156066
4.16 0.784855 0.0867749
4.17 0.785376 0.0174233
4.18 0.785204 -0.0519404
4.19 0.784338 -0.121268
4.2 0.782779 -0.190511
4.21 0.780528 -0.259622
4.22 0.777587 -0.328552
4.23 0.773958 -0.397252
4.24 0.769643 -0.465674
4.25 0.764645 -0.533767
4.26 0.758969 -0.601483
4.27 0.752617 -0.66877
4.28 0.745595 -0.735579
4.29 0.737907 -0.801857
4.3 0.72956 -0.867553
4.31 0.720558 -0.932615
4.32 0.71091 -0.996989
4.33 0.700621 -1.06062
4.34 0.6897 -1.12346
4.35 0.678155 -1.18545
4.36 0.665994 -1.24653
4.37 0.653227 -1.30665
4.38 0.639864 -1.36575
4.39 0.625916 -1.42378
4.4 0.611393 -1.48067
4.41 0.596306 -1.53638
4.42 0.580669 -1.59084
4.43 0.564494 -1.64399
4.44 0.547794 -1.69578
4.45 0.530583 -1.74615
4.46 0.512876 -1.79505
4.47 0.494687 -1.84241
4.48 0.476033 -1.88818
4.49 0.456929 -1.9323
4.5 0.437392 -1.97472
4.51 0.41744 -2.01539
4.52 0.397091 -2.05425
4.53 0.376362 -2.09125
4.54 0.355272 -2.12634
4.55 0.333841 -2.15948
4.56 0.312089 -2.19062
4.57 0.290036 -2.21971
4.58 0.267702 -2.24671
4.59 0.245109 -2.27159
4.6 0.222277 -2.29431
4.61 0.19923 -2.31484
4.62 0.175988 -2.33313
4.63 0.152575 -2.34918
4.64 0.129012 -2.36295
4.65 0.105323 -2.37441
4.66 0.0815314 -2.38357
4.67 0.0576597 -2.39039
4.68 0.0337314 -2.39487
4.69 0.0097701 -2.397
4.7 -0.0142008 -2.39679
4.71 -0.0381578 -2.39422
4.72 -0.0620774 -2.3893
4.73 -0.0859361 -2.38205
4.74 -0.109711 -2.37247
4.75 -0.133378 -2.36057
4.76 -0.156914 -2.34638
4.77 -0.180298 -2.32992
4.78 -0.203505 -2.31121
4.79 -0.226515 -2.29028
4.8 -0.249304 -2.26716
4.81 -0.271851 -2.24188
4.82 -0.294134 -2.21449
4.83 -0.316133 -2.18501
4.84 -0.337828 -2.1535
4.85 -0.359197 -2.12
4.86 -0.380221 -2.08455
4.87 -0.400882 -2.0472
4.88 -0.421159 -2.00801
4.89 -0.441036 -1.96701
4.9 -0.460493 -1.92427
4.91 -0.479515 -1.87984
4.92 -0.498085 -1.83377
4.93 -0.516186 -1.78612
4.94 -0.533802 -1.73695
4.95 -0.55092 -1.68631
4.96 -0.567524 -1.63427
4.97 -0.583601 -1.58087
4.98 -0.599137 -1.52617
4.99 -0.61412 -1.47024
5 -0.628538 -1.41313
5.01 -0.642379 -1.3549
5.02 -0.655632 -1.29561
5.03 -0.668288 -1.23531
5.04 -0.680335 -1.17405
5.05 -0.691766 -1.11191
5.06 -0.702571 -1.04892
5.07 -0.712742 -0.985143
5.08 -0.722271 -0.920638
5.09 -0.731152 -0.855455
5.1 -0.739378 -0.789647
5.11 -0.746943 -0.723267
5.12 -0.753842 -0.656367
5.13 -0.760069 -0.588996
5.14 -0.76562 -0.521207
5.15 -0.770492 -0.453049
5.16 -0.77468 -0.384573
5.17 -0.778182 -0.315826
5.18 -0.780996 -0.246859
5.19 -0.783119 -0.17772
5.2 -0.78455 -0.108458
5.21 -0.785288 -0.0391197
5.22 -0.785332 0.0302454
5.23 -0.784683 0.0995895
5.24 -0.783341 0.168864
5.25 -0.781306 0.238022
5.26 -0.778581 0.307014
5.27 -0.775167 0.375791
5.28 -0.771066 0.444305
5.29 -0.766281 0.512506
5.3 -0.760817 0.580345
5.31 -0.754676 0.647772
5.32 -0.747863 0.714736
5.33 -0.740383 0.781185
5.34 -0.732241 0.847069
5.35 -0.723444 0.912335
5.36 -0.713997 0.97693
5.37 -0.703907 1.0408
5.38 -0.693183 1.10389
5.39 -0.681832 1.16615
5.4 -0.669863 1.22752
5.41 -0.657285 1.28795
5.42 -0.644108 1.34738
5.43 -0.630341 1.40575
5.44 -0.615996 1.463
5.45 -0.601085 1.51909
5.46 -0.585619 1.57394
5.47 -0.56961 1.62751
5.48 -0.553073 1.67973
5.49 -0.53602 1.73055
5.5 -0.518467 1.77992
5.51 -0.500427 1.82776
5.52 -0.481917 1.87403
5.53 -0.462952 1.91868
5.54 -0.443549 1.96164
5.55 -0.423725 2.00286
5.56 -0.403498 2.04229
5.57 -0.382885 2.07988
5.58 -0.361906 2.11557
5.59 -0.34058 2.14933
5.6 -0.318926 2.1811
5.61 -0.296965 2.21083
5.62 -0.274717 2.23849
5.63 -0.252202 2.26404
5.64 -0.229443 2.28744
5.65 -0.206461 2.30865
5.66 -0.183277 2.32765
5.67 -0.159915 2.3444
5.68 -0.136397 2.35889
5.69 -0.112745 2.37108
5.7 -0.088983 2.38095
5.71 -0.0651338 2.38851
5.72 -0.0412207 2.39372
5.73 -0.0172672 2.39659
5.74 0.00670324 2.39711
5.75 0.0306671 2.39527
5.76 0.0546009 2.39109
5.77 0.0784812 2.38457
5.78 0.102285 2.37571
5.79 0.125988 2.36454
5.8 0.149568 2.35107
5.81 0.173001 2.33531
5.82 0.196266 2.3173
5.83 0.21934 2.29706
5.84 0.2422 2.27462
5.85 0.264825 2.25002
5.86 0.287194 2.22328
5.87 0.309284 2.19445
5.88 0.331076 2.16358
5.89 0.352549 2.13069
5.9 0.373683 2.09585
5.91 0.394459 2.05909
5.92 0.414859 2.02046
5.93 0.434863 1.98002
5.94 0.454453 1.93782
5.95 0.473613 1.89391
5.96 0.492326 1.84835
5.97 0.510575 1.80119
5.98 0.528345 1.75249
5.99 0.54562 1.70231
6 0.562386 1.6507
6.01 0.578629 1.59771
6.02 0.594336 1.54342
6.03 0.609493 1.48787
6.04 0.624089 1.43112
6.05 0.638112 1.37324
6.06 0.651551 1.31427
6.07 0.664394 1.25427
6.08 0.676633 1.19331
6.09 0.688257 1.13144
6.1 0.699259 1.06871
6.11 0.709629 1.00517
6.12 0.71936 0.94089
6.13 0.728444 0.875914
6.14 0.736876 0.810296
6.15 0.744648 0.744089
6.16 0.751756 0.677346
6.17 0.758193 0.610117
6.18 0.763957 0.542453
6.19 0.769041 0.474405
6.2 0.773444 0.406023
6.21 0.777161 0.337356
6.22 0.78019 0.268453
6.23 0.782529 0.199362
6.24 0.784177 0.130133
6.25 0.785132 0.0608133
6.26 0.785393 -0.0085484
6.27 0.784961 -0.0779042
6.28 0.783835 -0.147206
6.29 0.782017 -0.216405
6.3 0.779507 -0.285454
6.31 0.776308 -0.354304
6.32 0.772422 -0.422906
6.33 0.767851 -0.49121
6.34 0.762599 -0.559168
6.35 0.756669 -0.626729
6.36 0.750066 -0.693843
6.37 0.742794 -0.760459
6.38 0.734859 -0.826525
6.39 0.726266 -0.89199
6.4 0.717021 -0.9568
6.41 0.707132 -1.0209
6.42 0.696606 -1.08424
6.43 0.68545 -1.14677
6.44 0.673673 -1.20843
6.45 0.661284 -1.26915
6.46 0.648293 -1.3289
6.47 0.63471 -1.38761
6.48 0.620545 -1.44522
6.49 0.605809 -1.50167
6.5 0.590515 -1.55692
6.51 0.574675 -1.61089
6.52 0.558302 -1.66355
6.53 0.541409 -1.71481
6.54 0.52401 -1.76464
6.55 0.506121 -1.81296
6.56 0.487756 -1.85973
6.57 0.468932 -1.90489
6.58 0.449664 -1.94838
6.59 0.42997 -1.99016
6.6 0.409867 -2.03015
6.61 0.389373 -2.06832
6.62 0.368507 -2.10461
6.63 0.347287 -2.13898
6.64 0.325734 -2.17138
6.65 0.303866 -2.20175
6.66 0.281705 -2.23007
6.67 0.259272 -2.25628
6.68 0.236587 -2.28036
6.69 0.213672 -2.30226
6.7 0.190549 -2.32195
6.71 0.167241 -2.33941
6.72 0.143769 -2.3546
6.73 0.120156 -2.36751
6.74 0.0964261 -2.37811
6.75 0.0726017 -2.38639
6.76 0.048706 -2.39234
6.77 0.0247626 -2.39594
6.78 0.000794978 -2.3972
6.79 -0.0231735 -2.3961
6.8 -0.0471192 -2.39265
6.81 -0.0710187 -2.38686
6.82 -0.0948486 -2.37873
6.83 -0.118586 -2.36828
6.84 -0.142207 -2.35553
6.85 -0.165689 -2.34048
6.86 -0.189009 -2.32318
6.87 -0.212145 -2.30363
6.88 -0.235074 -2.28188
6.89 -0.257775 -2.25794
6.9 -0.280226 -2.23187
6.91 -0.302405 -2.20369
6.92 -0.324293 -2.17345
6.93 -0.345868 -2.14119
6.94 -0.36711 -2.10695
6.95 -0.388 -2.07079
6.96 -0.40852 -2.03274
6.97 -0.428649 -1.99286
6.98 -0.448371 -1.95121
6.99 -0.467667 -1.90783
7 -0.486522 -1.86278
7.01 -0.504918 -1.81611
7.02 -0.522839 -1.76789
7.03 -0.54027 -1.71816
7.04 -0.557197 -1.66699
7.05 -0.573606 -1.61443
7.06 -0.589482 -1.56054
7.07 -0.604812 -1.50537
7.08 -0.619585 -1.449
7.09 -0.633788 -1.39146
7.1 -0.647411 -1.33283
7.11 -0.660441 -1.27315
7.12 -0.67287 -1.21248
7.13 -0.684688 -1.15089
7.14 -0.695885 -1.08842
7.15 -0.706453 -1.02513
7.16 -0.716385 -0.961075
7.17 -0.725673 -0.896309
7.18 -0.734309 -0.830886
7.19 -0.742288 -0.764858
7.2 -0.749604 -0.698277
7.21 -0.756252 -0.631195
7.22 -0.762227 -0.563662
7.23 -0.767524 -0.495729
7.24 -0.77214 -0.427446
7.25 -0.776072 -0.358862
7.26 -0.779317 -0.290027
7.27 -0.781872 -0.22099
7.28 -0.783736 -0.151799
7.29 -0.784907 -0.0825029
7.3 -0.785386 -0.0131492
7.31 -0.78517 0.0562137
7.32 -0.784262 0.125538
7.33 -0.78266 0.194774
7.34 -0.780367 0.263875
7.35 -0.777383 0.332793
7.36 -0.773711 0.401477
7.37 -0.769354 0.46988
7.38 -0.764315 0.537951
7.39 -0.758597 0.605642
7.4 -0.752204 0.672901
7.41 -0.74514 0.739678
7.42 -0.737412 0.805922
7.43 -0.729024 0.871581
7.44 -0.719982 0.936602
7.45 -0.710294 1.00093
7.46 -0.699966 1.06452
7.47 -0.689006 1.1273
7.48 -0.677423 1.18924
7.49 -0.665225 1.25026
7.5 -0.652421 1.31032
7.51 -0.639022 1.36936
7.52 -0.625037 1.42732
7.53 -0.610479 1.48414
7.54 -0.595359 1.53977
7.55 -0.579688 1.59415
7.56 -0.56348 1.64722
7.57 -0.546748 1.69893
7.58 -0.529506 1.74921
7.59 -0.511769 1.79801
7.6 -0.493551 1.84527
7.61 -0.474868 1.89094
7.62 -0.455738 1.93496
7.63 -0.436175 1.97728
7.64 -0.416198 2.01784
7.65 -0.395824 2.05658
7.66 -0.375072 2.09347
7.67 -0.353961 2.12844
7.68 -0.33251 2.16146
7.69 -0.310739 2.19247
7.7 -0.288668 2.22143
7.71 -0.266317 2.24831
7.72 -0.243708 2.27306
7.73 -0.220863 2.29564
7.74 -0.197803 2.31603
7.75 -0.17455 2.33419
7.76 -0.151127 2.35009
7.77 -0.127556 2.36372
7.78 -0.10386 2.37505
7.79 -0.0800626 2.38405
7.8 -0.0561867 2.39073
7.81 -0.0322557 2.39507
7.82 -0.00829312 2.39706
7.83 0.0156776 2.3967
7.84 0.039633 2.39398
7.85 0.0635495 2.38892
7.86 0.0874037 2.38153
7.87 0.111172 2.3718
7.88 0.134832 2.35977
7.89 0.15836 2.34543
7.9 0.181733 2.32883
7.91 0.204929 2.30998
7.92 0.227925 2.28892
7.93 0.2507 2.26566
7.94 0.273231 2.24025
7.95 0.295498 2.21273
7.96 0.317479 2.18313
7.97 0.339154 2.1515
7.98 0.360502 2.11787
7.99 0.381505 2.0823
8 0.402142 2.04484
8.01 0.422396 2.00553
8.02 0.442247 1.96443
8.03 0.461678 1.92158
8.04 0.480673 1.87705
8.05 0.499214 1.83088
8.06 0.517285 1.78314
8.07 0.534872 1.73387
8.08 0.551958 1.68315
8.09 0.56853 1.63102
8.1 0.584574 1.57753
8.11 0.600076 1.52276
8.12 0.615025 1.46676
8.13 0.629407 1.40958
8.14 0.643213 1.35128
8.15 0.656429 1.29192
8.16 0.669048 1.23156
8.17 0.681058 1.17025
8.18 0.69245 1.10805
8.19 0.703216 1.04501
8.2 0.713347 0.981189
8.21 0.722837 0.916641
8.22 0.731678 0.851418
8.23 0.739863 0.785573
8.24 0.747387 0.71916
8.25 0.754245 0.652228
8.26 0.760431 0.584831
8.27 0.76594 0.517018
8.28 0.77077 0.448839
8.29 0.774916 0.380344
8.3 0.778376 0.311583
8.31 0.781147 0.242604
8.32 0.783227 0.173456
8.33 0.784615 0.104187
8.34 0.785311 0.0348459
8.35 0.785312 -0.0345193
8.36 0.78462 -0.103861
8.37 0.783235 -0.17313
8.38 0.781158 -0.242278
8.39 0.77839 -0.311258
8.4 0.774934 -0.380021
8.41 0.770791 -0.448517
8.42 0.765964 -0.516697
8.43 0.760458 -0.584513
8.44 0.754276 -0.651912
8.45 0.747421 -0.718846
8.46 0.7399 -0.785262
8.47 0.731718 -0.851109
8.48 0.72288 -0.916335
8.49 0.713394 -0.980887
8.5 0.703265 -1.04471
8.51 0.692502 -1.10775
8.52 0.681113 -1.16996
8.53 0.669106 -1.23127
8.54 0.65649 -1.29164
8.55 0.643276 -1.351
8.56 0.629474 -1.40931
8.57 0.615094 -1.46649
8.58 0.600148 -1.5225
8.59 0.584648 -1.57728
8.6 0.568607 -1.63077
8.61 0.552037 -1.68291
8.62 0.534953 -1.73364
8.63 0.517369 -1.78291
8.64 0.4993 -1.83066
8.65 0.480761 -1.87683
8.66 0.461769 -1.92137
8.67 0.442339 -1.96423
8.68 0.42249 -2.00534
8.69 0.402239 -2.04466
8.7 0.381603 -2.08213
8.71 0.360602 -2.11771
8.72 0.339255 -2.15134
8.73 0.317582 -2.18299
8.74 0.295602 -2.2126
8.75 0.273337 -2.24013
8.76 0.250807 -2.26555
8.77 0.228033 -2.28881
8.78 0.205038 -2.30989
8.79 0.181843 -2.32875
8.8 0.15847 -2.34536
8.81 0.134943 -2.3597
8.82 0.111284 -2.37175
8.83 0.0875158 -2.38149
8.84 0.0636619 -2.3889
8.85 0.0397457 -2.39397
8.86 0.0157905 -2.39669
8.87 -0.00818026 -2.39706
8.88 -0.032143 -2.39508
8.89 -0.0560741 -2.39076
8.9 -0.0799503 -2.38409
8.91 -0.103748 -2.37509
8.92 -0.127444 -2.36378
8.93 -0.151016 -2.35016
8.94 -0.17444 -2.33427
8.95 -0.197694 -2.31612
8.96 -0.220755 -2.29574
8.97 -0.243601 -2.27317
8.98 -0.266211 -2.24843
8.99 -0.288563 -2.22157
9 -0.310636 -2.19261
9.01 -0.332408 -2.16161
9.02 -0.353861 -2.1286
9.03 -0.374974 -2.09364
9.04 -0.395727 -2.05676
9.05 -0.416103 -2.01802
9.06 -0.436082 -1.97747
9.07 -0.455646 -1.93517
9.08 -0.474779 -1.89115
9.09 -0.493464 -1.84549
9.1 -0.511684 -1.79824
9.11 -0.529424 -1.74944
9.12 -0.546668 -1.69917
9.13 -0.563402 -1.64747
9.14 -0.579613 -1.5944
9.15 -0.595286 -1.54003
9.16 -0.610409 -1.48441
9.17 -0.62497 -1.42759
9.18 -0.638957 -1.36963
9.19 -0.652359 -1.3106
9.2 -0.665166 -1.25055
9.21 -0.677367 -1.18953
9.22 -0.688953 -1.1276
9.23 -0.699916 -1.06481
9.24 -0.710247 -1.00123
9.25 -0.719938 -0.936906
9.26 -0.728983 -0.871888
9.27 -0.737374 -0.806233
9.28 -0.745105 -0.739991
9.29 -0.752172 -0.673217
9.3 -0.758568 -0.605959
9.31 -0.76429 -0.538271
9.32 -0.769332 -0.470201
9.33 -0.773693 -0.4018
9.34 -0.777367 -0.333116
9.35 -0.780354 -0.2642
9.36 -0.782651 -0.1951
9.37 -0.784256 -0.125864
9.38 -0.785168 -0.0565402
9.39 -0.785386 0.0128226
9.4 -0.784911 0.0821765
9.41 -0.783743 0.151473
9.42 -0.781882 0.220665
9.43 -0.77933 0.289703
9.44 -0.776089 0.358539
9.45 -0.77216 0.427123
9.46 -0.767547 0.495408
9.47 -0.762253 0.563343
9.48 -0.756282 0.630878
9.49 -0.749637 0.697962
9.5 -0.742324 0.764546
9.51 -0.734348 0.830577
9.52 -0.725715 0.896003
9.53 -0.71643 0.960771
9.54 -0.706502 1.02483
9.55 -0.695936 1.08812
9.56 -0.684742 1.1506
9.57 -0.672927 1.21219
9.58 -0.660501 1.27286
9.59 -0.647473 1.33255
9.6 -0.633854 1.39119
9.61 -0.619653 1.44873
9.62 -0.604883 1.50511
9.63 -0.589555 1.56028
9.64 -0.573682 1.61418
9.65 -0.557276 1.66675
9.66 -0.540351 1.71792
9.67 -0.522922 1.76766
9.68 -0.505003 1.81589
9.69 -0.48661 1.86256
9.7 -0.467757 1.90762
9.71 -0.448463 1.95101
9.72 -0.428743 1.99267
9.73 -0.408615 2.03256
9.74 -0.388098 2.07061
9.75 -0.367209 2.10679
9.76 -0.345968 2.14103
9.77 -0.324395 2.17331
9.78 -0.302509 2.20356
9.79 -0.280331 2.23174
9.8 -0.257881 2.25783
9.81 -0.235181 2.28177
9.82 -0.212253 2.30353
9.83 -0.189118 2.32309
9.84 -0.165799 2.34041
9.85 -0.142318 2.35546
9.86 -0.118697 2.36823
9.87 -0.0949606 2.37869
9.88 -0.0711311 2.38683
9.89 -0.0472318 2.39263
9.9 -0.0232863 2.39609
9.91 0.000682111 2.3972
9.92 0.0246498 2.39596
9.93 0.0485934 2.39236
9.94 0.0724893 2.38643
9.95 0.0963142 2.37816
9.96 0.120045 2.36757
9.97 0.143658 2.35467
9.98 0.16713 2.33948
9.99 0.19044 2.32204
10 0.213564 2.30235
